xof 0303txt 0032
template ColorRGBA {
 <35ff44e0-6c7c-11cf-8f52-0040333594a3>
 FLOAT red;
 FLOAT green;
 FLOAT blue;
 FLOAT alpha;
}

template ColorRGB {
 <d3e16e81-7835-11cf-8f52-0040333594a3>
 FLOAT red;
 FLOAT green;
 FLOAT blue;
}

template Material {
 <3d82ab4d-62da-11cf-ab39-0020af71e433>
 ColorRGBA faceColor;
 FLOAT power;
 ColorRGB specularColor;
 ColorRGB emissiveColor;
 [...]
}

template TextureFilename {
 <a42790e1-7810-11cf-8f52-0040333594a3>
 STRING filename;
}

template Frame {
 <3d82ab46-62da-11cf-ab39-0020af71e433>
 [...]
}

template Matrix4x4 {
 <f6f23f45-7686-11cf-8f52-0040333594a3>
 array FLOAT matrix[16];
}

template FrameTransformMatrix {
 <f6f23f41-7686-11cf-8f52-0040333594a3>
 Matrix4x4 frameMatrix;
}

template Vector {
 <3d82ab5e-62da-11cf-ab39-0020af71e433>
 FLOAT x;
 FLOAT y;
 FLOAT z;
}

template MeshFace {
 <3d82ab5f-62da-11cf-ab39-0020af71e433>
 DWORD nFaceVertexIndices;
 array DWORD faceVertexIndices[nFaceVertexIndices];
}

template Mesh {
 <3d82ab44-62da-11cf-ab39-0020af71e433>
 DWORD nVertices;
 array Vector vertices[nVertices];
 DWORD nFaces;
 array MeshFace faces[nFaces];
 [...]
}

template MeshMaterialList {
 <f6f23f42-7686-11cf-8f52-0040333594a3>
 DWORD nMaterials;
 DWORD nFaceIndexes;
 array DWORD faceIndexes[nFaceIndexes];
 [Material <3d82ab4d-62da-11cf-ab39-0020af71e433>]
}

template VertexElement {
 <f752461c-1e23-48f6-b9f8-8350850f336f>
 DWORD Type;
 DWORD Method;
 DWORD Usage;
 DWORD UsageIndex;
}

template DeclData {
 <bf22e553-292c-4781-9fea-62bd554bdd93>
 DWORD nElements;
 array VertexElement Elements[nElements];
 DWORD nDWords;
 array DWORD data[nDWords];
}

template XSkinMeshHeader {
 <3cf169ce-ff7c-44ab-93c0-f78f62d172e2>
 WORD nMaxSkinWeightsPerVertex;
 WORD nMaxSkinWeightsPerFace;
 WORD nBones;
}

template SkinWeights {
 <6f0d123b-bad2-4167-a0d0-80224f25fabb>
 STRING transformNodeName;
 DWORD nWeights;
 array DWORD vertexIndices[nWeights];
 array FLOAT weights[nWeights];
 Matrix4x4 matrixOffset;
}

template AnimTicksPerSecond {
 <9e415a43-7ba6-4a73-8743-b73d47e88476>
 DWORD AnimTicksPerSecond;
}

template Animation {
 <3d82ab4f-62da-11cf-ab39-0020af71e433>
 [...]
}

template AnimationSet {
 <3d82ab50-62da-11cf-ab39-0020af71e433>
 [Animation <3d82ab4f-62da-11cf-ab39-0020af71e433>]
}

template FloatKeys {
 <10dd46a9-775b-11cf-8f52-0040333594a3>
 DWORD nValues;
 array FLOAT values[nValues];
}

template TimedFloatKeys {
 <f406b180-7b3b-11cf-8f52-0040333594a3>
 DWORD time;
 FloatKeys tfkeys;
}

template AnimationKey {
 <10dd46a8-775b-11cf-8f52-0040333594a3>
 DWORD keyType;
 DWORD nKeys;
 array TimedFloatKeys keys[nKeys];
}


Material Executioner01_XTX_Mat_INST {
 1.000000;1.000000;1.000000;1.000000;;
 10.000000;
 0.000000;0.000000;0.000000;;
 0.000000;0.000000;0.000000;;

 TextureFilename {
  "Executioner01_DM.tga";
 }
}

Material Executioner02_XTX_Mat_INST {
 1.000000;1.000000;1.000000;1.000000;;
 10.000000;
 0.000000;0.000000;0.000000;;
 0.000000;0.000000;0.000000;;

 TextureFilename {
  "Executioner02_DM.tga";
 }
}

Frame Root {
 

 FrameTransformMatrix {
  1.000000,0.000000,0.000000,0.000000,0.000000,1.000000,0.000000,0.000000,0.000000,0.000000,1.000000,0.000000,0.000000,-0.303542,0.000000,1.000000;;
 }

 Frame RefBox {
  

  FrameTransformMatrix {
   1.000000,0.000000,0.000000,0.000000,0.000000,1.000000,0.000000,0.000000,0.000000,0.000000,1.000000,0.000000,0.000000,0.000000,0.000000,1.000000;;
  }
 }

 Frame Refbox_Align {
  

  FrameTransformMatrix {
   1.000000,0.000000,0.000000,0.000000,0.000000,1.000000,0.000000,0.000000,0.000000,0.000000,1.000000,0.000000,0.000000,0.000000,0.000000,1.000000;;
  }
 }

 Frame Bip01 {
  

  FrameTransformMatrix {
   -0.124223,-0.185406,-0.974779,0.000000,0.085753,0.976706,-0.196701,0.000000,0.988542,-0.108025,-0.105430,0.000000,0.000000,1.470364,0.248032,1.000000;;
  }

  Frame Bip01-Pelvis {
   

   FrameTransformMatrix {
    -0.172626,0.980841,0.090282,0.000000,0.153870,-0.063680,0.986037,0.000000,0.972895,0.184107,-0.139929,0.000000,0.000000,0.000000,0.000000,1.000000;;
   }

   Frame Bip01-Spine {
    

    FrameTransformMatrix {
     0.961584,0.018669,0.273874,0.000000,0.039595,0.977819,-0.205677,0.000000,-0.271639,0.208619,0.939516,0.000000,0.205546,0.000000,-0.000202,1.000000;;
    }

    Frame Bip01-Spine1 {
     

     FrameTransformMatrix {
      0.877915,-0.341988,0.335126,0.000000,0.247107,0.923099,0.294664,0.000000,-0.410126,-0.175878,0.894910,0.000000,0.254047,0.000000,-0.000247,1.000000;;
     }

     Frame Bip01-Spine2 {
      

      FrameTransformMatrix {
       0.987535,-0.033424,0.153813,0.000000,0.014272,0.992183,0.123975,0.000000,-0.156754,-0.120235,0.980292,0.000000,0.311403,0.000000,-0.000354,1.000000;;
      }

      Frame Bip01-Neck {
       

       FrameTransformMatrix {
        0.826620,0.445459,0.343898,0.000000,-0.249069,0.837573,-0.486246,0.000000,-0.504643,0.316286,0.803305,0.000000,0.378104,0.000000,0.123748,1.000000;;
       }

       Frame Bip01-Head {
        

        FrameTransformMatrix {
         0.795991,0.069034,-0.601359,0.000000,0.001807,0.993200,0.116408,0.000000,0.605306,-0.093746,0.790454,0.000000,0.080270,-0.000000,-0.000000,1.000000;;
        }

        Frame Facial_Jaw {
         

         FrameTransformMatrix {
          -0.108634,0.000003,0.994082,0.000000,-0.000003,1.000000,-0.000003,0.000000,-0.994082,-0.000003,-0.108634,0.000000,-0.160215,0.000001,0.143375,1.000000;;
         }
        }

        Frame Bone_Head_R {
         

         FrameTransformMatrix {
          0.747072,-0.498283,-0.439998,0.000000,0.446183,-0.114774,0.887552,0.000000,-0.492752,-0.859385,0.136580,0.000000,0.277924,-0.082545,-0.038467,1.000000;;
         }
        }

        Frame Bone_Head_L {
         

         FrameTransformMatrix {
          0.756649,0.652245,-0.045362,0.000000,0.287888,-0.270071,0.918794,0.000000,0.587028,-0.708264,-0.392122,0.000000,0.286444,0.080977,-0.018100,1.000000;;
         }
        }

        Frame Bone_Eye_R01 {
         

         FrameTransformMatrix {
          -0.212831,-0.201464,0.956094,0.000000,-0.050568,-0.974930,-0.216690,0.000000,0.975780,-0.094466,0.197308,0.000000,0.041736,-0.076525,0.141279,1.000000;;
         }

         Frame Bone_Eye_R02 {
          

          FrameTransformMatrix {
           0.833539,0.550141,0.050573,0.000000,-0.550831,0.834617,-0.000337,0.000000,-0.042395,-0.027576,0.998720,0.000000,0.075740,0.000000,0.000000,1.000000;;
          }

          Frame Bone_Eye_R03 {
           

           FrameTransformMatrix {
            0.768623,0.631431,0.102533,0.000000,-0.633553,0.773563,-0.014519,0.000000,-0.088483,-0.053800,0.994624,0.000000,0.084453,0.000000,-0.000025,1.000000;;
           }
          }
         }
        }
       }
      }

      Frame Bip01-L-Clavicle {
       

       FrameTransformMatrix {
        -0.469024,0.681518,0.561738,0.000000,0.883185,0.362370,0.297778,0.000000,-0.000616,0.635783,-0.771868,0.000000,0.333263,0.266587,-0.045722,1.000000;;
       }

       Frame Bip01-L-UpperArm {
        

        FrameTransformMatrix {
         0.478709,0.856716,-0.192029,0.000000,-0.731169,0.510092,0.452989,0.000000,0.486036,-0.076444,0.870589,0.000000,0.189551,0.000000,0.000000,1.000000;;
        }

        Frame Bip01-L-Forearm {
         

         FrameTransformMatrix {
          0.469939,-0.000000,-0.882699,0.000000,0.000000,1.000000,-0.000000,0.000000,0.882699,-0.000000,0.469938,0.000000,0.699171,-0.000000,-0.000000,1.000000;;
         }

         Frame Bip01-L-Hand {
          

          FrameTransformMatrix {
           0.921729,0.146312,0.359179,0.000000,-0.207108,-0.597319,0.774801,0.000000,0.327907,-0.788545,-0.520264,0.000000,0.579717,0.000000,0.000000,1.000000;;
          }

          Frame Bip01-L-Finger0 {
           

           FrameTransformMatrix {
            0.498048,-0.708689,0.499708,0.000000,0.324473,-0.382097,-0.865286,0.000000,0.804156,0.593095,0.039648,0.000000,0.073479,-0.064797,0.034105,1.000000;;
           }

           Frame Bip01-L-Finger01 {
            

            FrameTransformMatrix {
             0.674577,-0.000000,0.738205,0.000000,0.000000,1.000000,0.000000,0.000000,-0.738205,-0.000000,0.674577,0.000000,0.061997,0.000000,0.000000,1.000000;;
            }

            Frame Bip01-L-Finger02 {
             

             FrameTransformMatrix {
              0.562612,-0.000000,0.826721,0.000000,-0.000000,1.000000,0.000000,0.000000,-0.826721,-0.000000,0.562612,0.000000,0.104256,-0.000000,0.000000,1.000000;;
             }
            }
           }
          }

          Frame Bip01-L-Finger1 {
           

           FrameTransformMatrix {
            0.709240,-0.183826,0.680578,0.000000,0.100180,0.981888,0.160811,0.000000,-0.697812,-0.045873,0.714810,0.000000,0.205998,-0.066742,-0.018961,1.000000;;
           }

           Frame Bip01-L-Finger11 {
            

            FrameTransformMatrix {
             0.518381,0.000000,0.855150,0.000000,0.000000,1.000000,0.000000,0.000000,-0.855150,0.000000,0.518381,0.000000,0.076771,0.000000,-0.000000,1.000000;;
            }

            Frame Bip01-L-Finger12 {
             

             FrameTransformMatrix {
              0.371473,0.000000,0.928444,0.000000,-0.000000,1.000000,0.000000,0.000000,-0.928444,-0.000000,0.371473,0.000000,0.067747,0.000000,-0.000000,1.000000;;
             }
            }
           }
          }

          Frame Bip01-L-Finger2 {
           

           FrameTransformMatrix {
            0.476169,-0.214224,0.852861,0.000000,0.042309,0.974330,0.221114,0.000000,-0.878336,-0.069204,0.473009,0.000000,0.211952,-0.014605,-0.013645,1.000000;;
           }

           Frame Bip01-L-Finger21 {
            

            FrameTransformMatrix {
             0.527909,-0.000000,0.849301,0.000000,-0.000000,1.000000,0.000000,0.000000,-0.849301,-0.000000,0.527909,0.000000,0.081981,0.000000,0.000000,1.000000;;
            }

            Frame Bip01-L-Finger22 {
             

             FrameTransformMatrix {
              0.245045,-0.000000,0.969512,0.000000,-0.000000,1.000000,-0.000000,0.000000,-0.969512,-0.000000,0.245045,0.000000,0.082908,0.000000,0.000000,1.000000;;
             }
            }
           }
          }

          Frame Bip01-L-Finger3 {
           

           FrameTransformMatrix {
            0.431508,-0.190286,0.881812,0.000000,-0.058556,0.969531,0.237869,0.000000,-0.900207,-0.154278,0.407218,0.000000,0.194603,0.027156,0.010559,1.000000;;
           }

           Frame Bip01-L-Finger31 {
            

            FrameTransformMatrix {
             0.162063,-0.000000,0.986780,0.000000,0.000000,1.000000,0.000000,0.000000,-0.986781,0.000000,0.162063,0.000000,0.084769,0.000000,-0.000000,1.000000;;
            }

            Frame Bip01-L-Finger32 {
             

             FrameTransformMatrix {
              0.426954,0.000000,0.904273,0.000000,-0.000000,1.000000,-0.000000,0.000000,-0.904273,-0.000000,0.426954,0.000000,0.081938,0.000000,0.000000,1.000000;;
             }
            }
           }
          }

          Frame Bip01-L-Finger4 {
           

           FrameTransformMatrix {
            0.467991,-0.243283,0.849587,0.000000,-0.085260,0.944448,0.317411,0.000000,-0.879611,-0.220981,0.421250,0.000000,0.179222,0.074012,0.043835,1.000000;;
           }

           Frame Bip01-L-Finger41 {
            

            FrameTransformMatrix {
             0.049631,-0.000000,0.998768,0.000000,0.000000,1.000000,0.000000,0.000000,-0.998768,0.000000,0.049631,0.000000,0.067876,0.000000,0.000000,1.000000;;
            }

            Frame Bip01-L-Finger42 {
             

             FrameTransformMatrix {
              0.737055,-0.000000,0.675832,0.000000,-0.000000,1.000000,0.000000,0.000000,-0.675832,-0.000000,0.737056,0.000000,0.058264,0.000000,-0.000000,1.000000;;
             }
            }
           }
          }

          Frame Bip01-Prop2 {
           

           FrameTransformMatrix {
            0.838597,0.503613,-0.207676,0.000000,0.085355,-0.497996,-0.862969,0.000000,-0.538024,0.705956,-0.460604,0.000000,-0.000000,-0.000000,0.000000,1.000000;;
           }
          }
         }
        }

        Frame Bone_UpperArm_L01 {
         

         FrameTransformMatrix {
          0.763445,-0.312504,0.565237,0.000000,-0.630651,-0.171811,0.756809,0.000000,-0.139393,-0.934250,-0.328249,0.000000,0.606179,0.024953,0.098558,1.000000;;
         }

         Frame Bone_UpperArm_L02 {
          

          FrameTransformMatrix {
           0.595163,0.699178,-0.396147,0.000000,-0.743841,0.665863,0.057681,0.000000,0.304108,0.260341,0.916374,0.000000,0.091177,0.000000,0.000000,1.000000;;
          }

          Frame Bone_UpperArm_L03 {
           

           FrameTransformMatrix {
            0.740188,0.631515,0.230891,0.000000,-0.645089,0.763816,-0.021108,0.000000,-0.189689,-0.133321,0.972751,0.000000,0.106100,-0.000000,-0.000000,1.000000;;
           }

           Frame Bone_UpperArm_L04 {
            

            FrameTransformMatrix {
             0.568312,0.719016,0.400046,0.000000,-0.774931,0.631156,-0.033517,0.000000,-0.276591,-0.290961,0.915882,0.000000,0.136453,0.000000,-0.000000,1.000000;;
            }

            Frame Bone_UpperArm_L05 {
             

             FrameTransformMatrix {
              0.910582,-0.180459,0.371854,0.000000,0.268840,0.941933,-0.201212,0.000000,-0.313951,0.283189,0.906222,0.000000,0.126962,0.000000,-0.000000,1.000000;;
             }
            }
           }
          }
         }
        }
       }

       Frame Bone_Clavicle_L01 {
        

        FrameTransformMatrix {
         0.293627,0.040006,0.955083,0.000000,0.773642,0.576913,-0.262011,0.000000,-0.561481,0.815825,0.138447,0.000000,0.026936,0.009588,0.118913,1.000000;;
        }

        Frame Bone_Clavicle_L02 {
         

         FrameTransformMatrix {
          0.679099,-0.709685,0.187540,0.000000,0.598934,0.683420,0.417391,0.000000,-0.424385,-0.171126,0.889165,0.000000,0.315811,0.000000,0.000000,1.000000;;
         }

         Frame Bone_Clavicle_L03 {
          

          FrameTransformMatrix {
           0.504370,-0.862380,0.043739,0.000000,0.755028,0.465029,0.462255,0.000000,-0.418979,-0.200124,0.885668,0.000000,0.263628,-0.000000,-0.000000,1.000000;;
          }

          Frame Bone_Clavicle_L04 {
           

           FrameTransformMatrix {
            0.605444,-0.667810,-0.432975,0.000000,0.653608,0.727609,-0.208283,0.000000,0.454130,-0.156892,0.877013,0.000000,0.235593,0.000000,-0.000000,1.000000;;
           }
          }
         }
        }
       }
      }

      Frame Bip01-R-Clavicle {
       

       FrameTransformMatrix {
        0.076629,-0.901938,0.425012,0.000000,-0.997060,-0.069010,0.033318,0.000000,-0.000721,-0.426316,-0.904574,0.000000,0.333263,-0.266588,-0.045721,1.000000;;
       }

       Frame Bip01-R-UpperArm {
        

        FrameTransformMatrix {
         0.053124,-0.220283,-0.973988,0.000000,-0.956811,0.267940,-0.112786,0.000000,0.285815,0.937915,-0.196535,0.000000,0.189551,0.000000,-0.000000,1.000000;;
        }

        Frame Bip01-R-Forearm {
         

         FrameTransformMatrix {
          0.626672,0.000000,-0.779283,0.000000,0.000000,1.000000,0.000000,0.000000,0.779283,-0.000000,0.626672,0.000000,0.699171,-0.000000,0.000000,1.000000;;
         }

         Frame Bip01-R-Hand {
          

          FrameTransformMatrix {
           0.984919,-0.021776,0.171642,0.000000,0.163659,-0.204607,-0.965066,0.000000,0.056135,0.978602,-0.197957,0.000000,0.579717,0.000000,-0.000000,1.000000;;
          }

          Frame Bip01-R-Finger0 {
           

           FrameTransformMatrix {
            0.515403,0.803918,0.296776,0.000000,-0.225065,-0.207174,0.952064,0.000000,0.826865,-0.557490,0.074155,0.000000,0.073479,0.064797,0.034105,1.000000;;
           }

           Frame Bip01-R-Finger01 {
            

            FrameTransformMatrix {
             0.674577,-0.000000,0.738205,0.000000,0.000000,1.000000,-0.000000,0.000000,-0.738205,0.000000,0.674577,0.000000,0.061997,-0.000000,-0.000000,1.000000;;
            }

            Frame Bip01-R-Finger02 {
             

             FrameTransformMatrix {
              0.562612,0.000000,0.826721,0.000000,0.000000,1.000000,-0.000000,0.000000,-0.826721,0.000000,0.562612,0.000000,0.104256,0.000000,0.000000,1.000000;;
             }
            }
           }
          }

          Frame Bip01-R-Finger1 {
           

           FrameTransformMatrix {
            0.375308,0.186977,0.907845,0.000000,-0.100181,0.981888,-0.160811,0.000000,-0.921471,-0.030595,0.387242,0.000000,0.205999,0.066742,-0.018962,1.000000;;
           }

           Frame Bip01-R-Finger11 {
            

            FrameTransformMatrix {
             0.518381,-0.000000,0.855150,0.000000,-0.000000,1.000000,0.000000,0.000000,-0.855150,0.000000,0.518381,0.000000,0.076772,-0.000000,-0.000000,1.000000;;
            }

            Frame Bip01-R-Finger12 {
             

             FrameTransformMatrix {
              0.371474,0.000000,0.928444,0.000000,0.000000,1.000000,0.000000,0.000000,-0.928444,0.000000,0.371474,0.000000,0.067747,0.000000,0.000000,1.000000;;
             }
            }
           }
          }

          Frame Bip01-R-Finger2 {
           

           FrameTransformMatrix {
            0.314579,0.223046,0.922654,0.000000,-0.042309,0.974330,-0.221114,0.000000,-0.948288,0.030521,0.315941,0.000000,0.211952,0.014605,-0.013645,1.000000;;
           }

           Frame Bip01-R-Finger21 {
            

            FrameTransformMatrix {
             0.527909,0.000000,0.849301,0.000000,-0.000000,1.000000,-0.000000,0.000000,-0.849301,0.000000,0.527909,0.000000,0.081981,0.000000,0.000000,1.000000;;
            }

            Frame Bip01-R-Finger22 {
             

             FrameTransformMatrix {
              0.245045,-0.000000,0.969512,0.000000,0.000000,1.000000,0.000000,0.000000,-0.969512,0.000000,0.245045,0.000000,0.082908,0.000000,0.000000,1.000000;;
             }
            }
           }
          }

          Frame Bip01-R-Finger3 {
           

           FrameTransformMatrix {
            0.626827,0.149740,0.764634,0.000000,0.058556,0.969531,-0.237869,0.000000,-0.776955,0.193877,0.598960,0.000000,0.194603,-0.027156,0.010559,1.000000;;
           }

           Frame Bip01-R-Finger31 {
            

            FrameTransformMatrix {
             0.162063,-0.000000,0.986781,0.000000,0.000000,1.000000,-0.000000,0.000000,-0.986781,-0.000000,0.162063,0.000000,0.084769,0.000000,0.000000,1.000000;;
            }

            Frame Bip01-R-Finger32 {
             

             FrameTransformMatrix {
              0.426954,0.000000,0.904273,0.000000,0.000000,1.000000,0.000000,0.000000,-0.904273,0.000000,0.426954,0.000000,0.081937,0.000000,-0.000000,1.000000;;
             }
            }
           }
          }

          Frame Bip01-R-Finger4 {
           

           FrameTransformMatrix {
            0.909730,0.056134,0.411388,0.000000,0.085260,0.944448,-0.317411,0.000000,-0.406352,0.323833,0.854407,0.000000,0.179222,-0.074012,0.043835,1.000000;;
           }

           Frame Bip01-R-Finger41 {
            

            FrameTransformMatrix {
             0.049631,0.000000,0.998768,0.000000,-0.000000,1.000000,-0.000000,0.000000,-0.998768,-0.000000,0.049631,0.000000,0.067876,0.000000,-0.000000,1.000000;;
            }

            Frame Bip01-R-Finger42 {
             

             FrameTransformMatrix {
              0.737056,-0.000000,0.675832,0.000000,-0.000000,1.000000,-0.000000,0.000000,-0.675832,0.000000,0.737055,0.000000,0.058264,-0.000000,0.000000,1.000000;;
             }
            }
           }
          }

          Frame Bip01-Prop1 {
           

           FrameTransformMatrix {
            -0.134062,0.326038,0.935803,0.000000,0.005715,0.944566,-0.328273,0.000000,-0.990956,-0.038660,-0.128494,0.000000,-0.000000,0.000000,0.000000,1.000000;;
           }
          }
         }
        }

        Frame Bone_UpperArm_R01 {
         

         FrameTransformMatrix {
          -0.402310,-0.279267,0.871869,0.000000,-0.427499,-0.784830,-0.448651,0.000000,0.809562,-0.553220,0.196358,0.000000,0.508294,0.106774,0.000866,1.000000;;
         }

         Frame Bone_UpperArm_R02 {
          

          FrameTransformMatrix {
           0.667457,0.438520,0.601831,0.000000,-0.413261,0.890463,-0.190505,0.000000,-0.619448,-0.121559,0.775569,0.000000,0.112199,-0.000000,-0.000000,1.000000;;
          }

          Frame Bone_UpperArm_R03 {
           

           FrameTransformMatrix {
            0.433909,0.486534,0.758292,0.000000,-0.461214,0.842961,-0.276945,0.000000,-0.773954,-0.229566,0.590165,0.000000,0.210541,0.000000,0.000000,1.000000;;
           }

           Frame Bone_UpperArm_R04 {
            

            FrameTransformMatrix {
             0.467606,0.746608,0.473202,0.000000,-0.511138,0.665143,-0.544355,0.000000,-0.721167,0.012672,0.692645,0.000000,0.175732,-0.000000,-0.000000,1.000000;;
            }
           }
          }
         }
        }
       }

       Frame Bone_Clavicle_R01 {
        

        FrameTransformMatrix {
         0.601808,-0.722418,0.340499,0.000000,0.047693,-0.393077,-0.918268,0.000000,0.797216,0.568860,-0.202103,0.000000,0.004773,-0.123701,0.050560,1.000000;;
        }

        Frame Bone_Clavicle_R02 {
         

         FrameTransformMatrix {
          0.416193,-0.859014,-0.298124,0.000000,0.667010,0.511255,-0.541956,0.000000,0.617965,0.026707,0.785752,0.000000,0.169289,0.000000,-0.000000,1.000000;;
         }

         Frame Bone_Clavicle_R03 {
          

          FrameTransformMatrix {
           0.686851,-0.556813,0.467113,0.000000,0.418219,0.828429,0.372557,0.000000,-0.594415,-0.060536,0.801877,0.000000,0.245897,-0.000000,0.000000,1.000000;;
          }

          Frame Bone_Clavicle_R04 {
           

           FrameTransformMatrix {
            0.590769,-0.786531,-0.179891,0.000000,0.627792,0.588151,-0.509859,0.000000,0.506823,0.188275,0.841239,0.000000,0.253577,0.000000,-0.000002,1.000000;;
           }
          }
         }
        }
       }
      }

      Frame Bone_Spine_01 {
       

       FrameTransformMatrix {
        0.007697,-0.271468,0.962417,0.000000,0.049958,-0.961139,-0.271507,0.000000,0.998722,0.050170,0.006164,0.000000,0.221694,-0.235401,0.169922,1.000000;;
       }

       Frame Bone_Spine_02 {
        

        FrameTransformMatrix {
         0.843079,-0.268025,-0.466242,0.000000,0.248774,0.962990,-0.103742,0.000000,0.476791,-0.028526,0.878554,0.000000,0.150098,-0.000000,0.000002,1.000000;;
        }

        Frame Bone_Spine_03 {
         

         FrameTransformMatrix {
          0.774691,-0.224559,-0.591124,0.000000,0.193345,0.974168,-0.116684,0.000000,0.602056,-0.023897,0.798096,0.000000,0.166177,0.000000,0.000000,1.000000;;
         }

         Frame Bone_Spine_04 {
          

          FrameTransformMatrix {
           0.974411,0.123661,0.187698,0.000000,-0.101665,0.987231,-0.122634,0.000000,-0.200467,0.100414,0.974541,0.000000,0.152662,0.000000,0.000000,1.000000;;
          }
         }
        }
       }
      }
     }
    }
   }

   Frame Bip01-L-Thigh {
    

    FrameTransformMatrix {
     -0.711804,0.069472,0.698935,0.000000,-0.060153,-0.997470,0.037885,0.000000,0.699798,-0.015076,0.714182,0.000000,-0.000001,0.289988,0.000000,1.000000;;
    }

    Frame Bip01-L-Calf {
     

     FrameTransformMatrix {
      -0.141476,-0.000000,-0.989942,0.000000,-0.000000,1.000000,-0.000000,0.000000,0.989942,0.000000,-0.141476,0.000000,0.686176,-0.000000,-0.000000,1.000000;;
     }

     Frame Bip01-L-Foot {
      

      FrameTransformMatrix {
       0.561477,-0.071604,0.824389,0.000000,0.060154,0.997145,0.045639,0.000000,-0.825303,0.023965,0.564181,0.000000,0.689519,0.000000,0.000000,1.000000;;
      }

      Frame Bip01-L-Toe0 {
       

       FrameTransformMatrix {
        0.027544,-0.000001,0.999621,0.000000,0.000000,1.000000,0.000001,0.000000,-0.999620,0.000000,0.027544,0.000000,0.142430,0.000000,0.241433,1.000000;;
       }
      }
     }
    }
   }

   Frame Bip01-R-Thigh {
    

    FrameTransformMatrix {
     -0.869064,-0.113191,0.481576,0.000000,0.106499,-0.993454,-0.041314,0.000000,0.483100,0.015383,0.875430,0.000000,0.000000,-0.289988,-0.000000,1.000000;;
    }

    Frame Bip01-R-Calf {
     

     FrameTransformMatrix {
      0.027905,-0.000000,-0.999611,0.000000,0.000000,1.000000,-0.000000,0.000000,0.999611,-0.000000,0.027905,0.000000,0.686176,-0.000000,-0.000000,1.000000;;
     }

     Frame Bip01-R-Foot {
      

      FrameTransformMatrix {
       0.774265,-0.394760,0.494649,0.000000,0.611959,0.666230,-0.426198,0.000000,-0.161304,0.632695,0.757416,0.000000,0.689519,-0.000000,0.000000,1.000000;;
      }

      Frame Bip01-R-Toe0 {
       

       FrameTransformMatrix {
        -0.410999,-0.000286,0.911636,0.000000,0.128066,0.990066,0.058047,0.000000,-0.902596,0.140606,-0.406879,0.000000,0.142430,0.000000,0.233436,1.000000;;
       }
      }
     }
    }
   }
  }
 }
}

Frame SK_Executioner {
 

 FrameTransformMatrix {
  1.000000,0.000000,0.000000,0.000000,0.000000,1.000000,0.000000,0.000000,0.000000,0.000000,1.000000,0.000000,0.000000,0.000000,0.000000,1.000000;;
 }

 Mesh SK_Executioner {
  23420;
  0.007142;2.427039;-0.246595;,
  0.010415;2.421632;-0.244988;,
  0.009549;2.423349;-0.245505;,
  0.322372;0.049614;-0.059300;,
  0.364057;0.093889;-0.014476;,
  0.353081;0.083471;-0.060739;,
  0.364057;0.093889;-0.014476;,
  0.322372;0.049614;-0.059300;,
  0.320425;0.055116;-0.011418;,
  0.412011;0.077005;-0.011630;,
  0.353081;0.083471;-0.060739;,
  0.364057;0.093889;-0.014476;,
  0.353081;0.083471;-0.060739;,
  0.412011;0.077005;-0.011630;,
  0.393743;0.056559;-0.059173;,
  0.393743;0.056559;-0.059173;,
  0.365688;0.087652;-0.124281;,
  0.353081;0.083471;-0.060739;,
  0.332397;0.067527;-0.122087;,
  0.353081;0.083471;-0.060739;,
  0.365688;0.087652;-0.124281;,
  0.353081;0.083471;-0.060739;,
  0.332397;0.067527;-0.122087;,
  0.322372;0.049614;-0.059300;,
  0.322878;0.038393;-0.123712;,
  0.322372;0.049614;-0.059300;,
  0.332397;0.067527;-0.122087;,
  0.322372;0.049614;-0.059300;,
  0.311458;0.019497;-0.060192;,
  0.320425;0.055116;-0.011418;,
  0.322372;0.049614;-0.059300;,
  0.320425;0.055116;-0.011418;,
  0.310095;0.023878;-0.011472;,
  0.321235;0.038860;0.049858;,
  0.320425;0.055116;-0.011418;,
  0.332397;0.067527;-0.122087;,
  0.333053;0.023500;-0.162716;,
  0.412011;0.077005;-0.011630;,
  0.395976;0.008961;-0.091369;,
  0.393743;0.056559;-0.059173;,
  0.394237;0.072162;-0.123839;,
  0.393743;0.056559;-0.059173;,
  0.365688;0.087652;-0.124281;,
  0.393743;0.056559;-0.059173;,
  0.394237;0.072162;-0.123839;,
  0.394237;0.072162;-0.123839;,
  0.373172;0.067637;-0.167972;,
  0.365688;0.087652;-0.124281;,
  0.373172;0.067637;-0.167972;,
  0.332397;0.067527;-0.122087;,
  0.365688;0.087652;-0.124281;,
  0.332397;0.067527;-0.122087;,
  0.373172;0.067637;-0.167972;,
  0.343430;0.051291;-0.162071;,
  0.332397;0.067527;-0.122087;,
  0.343430;0.051291;-0.162071;,
  0.343430;0.051291;-0.162071;,
  0.343358;0.008417;-0.194189;,
  0.343430;0.051291;-0.162071;,
  0.354603;0.034849;-0.194538;,
  0.354603;0.034849;-0.194538;,
  0.376514;0.009468;-0.262663;,
  0.399352;0.021249;-0.172268;,
  0.394237;0.072162;-0.123839;,
  0.392611;0.035887;-0.127879;,
  0.394237;0.072162;-0.123839;,
  0.354603;0.034849;-0.194538;,
  0.382405;0.025691;-0.261382;,
  0.382405;0.025691;-0.261382;,
  0.385598;0.002330;-0.267259;,
  0.382405;0.025691;-0.261382;,
  0.391169;0.025893;-0.266359;,
  0.402888;0.020231;-0.263702;,
  0.391169;0.025893;-0.266359;,
  0.391169;0.025893;-0.266359;,
  0.407630;0.031929;-0.211067;,
  0.402888;0.020231;-0.263702;,
  0.406179;0.006424;-0.209195;,
  0.402888;0.020231;-0.263702;,
  0.407630;0.031929;-0.211067;,
  0.407630;0.031929;-0.211067;,
  0.407630;0.031929;-0.211067;,
  0.400891;0.052173;-0.171166;,
  0.394237;0.072162;-0.123839;,
  0.400891;0.052173;-0.171166;,
  0.373172;0.067637;-0.167972;,
  0.394237;0.072162;-0.123839;,
  0.400891;0.052173;-0.171166;,
  0.402888;0.020231;-0.263702;,
  0.400859;0.007392;-0.261310;,
  0.402888;0.020231;-0.263702;,
  0.400891;0.052173;-0.171166;,
  0.380751;0.047366;-0.204191;,
  0.373172;0.067637;-0.167972;,
  0.380751;0.047366;-0.204191;,
  0.343430;0.051291;-0.162071;,
  0.373172;0.067637;-0.167972;,
  0.343430;0.051291;-0.162071;,
  0.380751;0.047366;-0.204191;,
  0.354603;0.034849;-0.194538;,
  0.380751;0.047366;-0.204191;,
  0.382405;0.025691;-0.261382;,
  0.354603;0.034849;-0.194538;,
  0.382405;0.025691;-0.261382;,
  0.380751;0.047366;-0.204191;,
  0.391169;0.025893;-0.266359;,
  0.407630;0.031929;-0.211067;,
  0.391169;0.025893;-0.266359;,
  0.380751;0.047366;-0.204191;,
  0.380751;0.047366;-0.204191;,
  0.400891;0.052173;-0.171166;,
  0.407630;0.031929;-0.211067;,
  0.335228;0.305109;0.142546;,
  0.377463;0.217129;0.119251;,
  0.342215;0.203290;0.140943;,
  0.338256;0.195646;0.172553;,
  0.335228;0.305109;0.142546;,
  0.342215;0.203290;0.140943;,
  0.335228;0.305109;0.142546;,
  0.338256;0.195646;0.172553;,
  0.327570;0.303347;0.182560;,
  0.327570;0.303347;0.182560;,
  0.317957;0.395091;0.128406;,
  0.335228;0.305109;0.142546;,
  0.317957;0.395091;0.128406;,
  0.327570;0.303347;0.182560;,
  0.317771;0.399317;0.186962;,
  0.284039;0.496066;0.176680;,
  0.317957;0.395091;0.128406;,
  0.317771;0.399317;0.186962;,
  0.341170;0.392950;0.232665;,
  0.284039;0.496066;0.176680;,
  0.317771;0.399317;0.186962;,
  0.284039;0.496066;0.176680;,
  0.341170;0.392950;0.232665;,
  0.323054;0.492296;0.232102;,
  0.338256;0.195646;0.172553;,
  0.351857;0.299198;0.216330;,
  0.327570;0.303347;0.182560;,
  0.341170;0.392950;0.232665;,
  0.327570;0.303347;0.182560;,
  0.351857;0.299198;0.216330;,
  0.327570;0.303347;0.182560;,
  0.341170;0.392950;0.232665;,
  0.317771;0.399317;0.186962;,
  0.335228;0.305109;0.142546;,
  0.376489;0.398280;0.094061;,
  0.376242;0.307394;0.105465;,
  0.376489;0.398280;0.094061;,
  0.335228;0.305109;0.142546;,
  0.317957;0.395091;0.128406;,
  0.311332;0.499746;0.102152;,
  0.376489;0.398280;0.094061;,
  0.317957;0.395091;0.128406;,
  0.317957;0.395091;0.128406;,
  0.284039;0.496066;0.176680;,
  0.311332;0.499746;0.102152;,
  0.284039;0.496066;0.176680;,
  0.321405;0.566199;0.095636;,
  0.311332;0.499746;0.102152;,
  0.284039;0.496066;0.176680;,
  0.287146;0.573499;0.160841;,
  0.284039;0.496066;0.176680;,
  0.314861;0.579220;0.219996;,
  0.284039;0.496066;0.176680;,
  0.323054;0.492296;0.232102;,
  0.397741;0.490596;0.239236;,
  0.323054;0.492296;0.232102;,
  0.323054;0.492296;0.232102;,
  0.397481;0.393379;0.239932;,
  0.403706;0.581660;0.218399;,
  0.376489;0.398280;0.094061;,
  0.311332;0.499746;0.102152;,
  0.374151;0.497482;0.063238;,
  0.370898;0.562786;0.048948;,
  0.311332;0.499746;0.102152;,
  0.311332;0.499746;0.102152;,
  0.374151;0.497482;0.063238;,
  0.448216;0.566743;0.089275;,
  0.374151;0.497482;0.063238;,
  0.374151;0.497482;0.063238;,
  0.448840;0.500388;0.104000;,
  0.448840;0.500388;0.104000;,
  0.376489;0.398280;0.094061;,
  0.374151;0.497482;0.063238;,
  0.376489;0.398280;0.094061;,
  0.448840;0.500388;0.104000;,
  0.437739;0.399059;0.125514;,
  0.437739;0.399059;0.125514;,
  0.376242;0.307394;0.105465;,
  0.376489;0.398280;0.094061;,
  0.376242;0.307394;0.105465;,
  0.437739;0.399059;0.125514;,
  0.424969;0.305229;0.140544;,
  0.454115;0.397641;0.197941;,
  0.424969;0.305229;0.140544;,
  0.437739;0.399059;0.125514;,
  0.424969;0.305229;0.140544;,
  0.454115;0.397641;0.197941;,
  0.432984;0.302767;0.194898;,
  0.397481;0.393379;0.239932;,
  0.432984;0.302767;0.194898;,
  0.454115;0.397641;0.197941;,
  0.454115;0.397641;0.197941;,
  0.397741;0.490596;0.239236;,
  0.462499;0.574576;0.166923;,
  0.448840;0.500388;0.104000;,
  0.448840;0.500388;0.104000;,
  0.468788;0.498872;0.182464;,
  0.403706;0.581660;0.218399;,
  0.468788;0.498872;0.182464;,
  0.468788;0.498872;0.182464;,
  0.454115;0.397641;0.197941;,
  0.468788;0.498872;0.182464;,
  0.454115;0.397641;0.197941;,
  0.448840;0.500388;0.104000;,
  0.468788;0.498872;0.182464;,
  0.448840;0.500388;0.104000;,
  0.454115;0.397641;0.197941;,
  0.437739;0.399059;0.125514;,
  0.397436;0.185246;0.225807;,
  0.432984;0.302767;0.194898;,
  0.397131;0.299441;0.223713;,
  0.432984;0.302767;0.194898;,
  0.455698;0.103583;0.177659;,
  0.398622;0.135478;0.233115;,
  0.395419;0.090186;0.245215;,
  0.455698;0.103583;0.177659;,
  0.444872;0.142017;0.189557;,
  0.444872;0.142017;0.189557;,
  0.444872;0.142017;0.189557;,
  0.430047;0.200790;0.194892;,
  0.432984;0.302767;0.194898;,
  0.430047;0.200790;0.194892;,
  0.418309;0.214300;0.126262;,
  0.432984;0.302767;0.194898;,
  0.430047;0.200790;0.194892;,
  0.432984;0.302767;0.194898;,
  0.418309;0.214300;0.126262;,
  0.424969;0.305229;0.140544;,
  0.377463;0.217129;0.119251;,
  0.424969;0.305229;0.140544;,
  0.418309;0.214300;0.126262;,
  0.424969;0.305229;0.140544;,
  0.377463;0.217129;0.119251;,
  0.376242;0.307394;0.105465;,
  0.377463;0.217129;0.119251;,
  0.335228;0.305109;0.142546;,
  0.376242;0.307394;0.105465;,
  0.428307;0.123442;0.054222;,
  0.455698;0.103583;0.177659;,
  0.465164;0.086723;0.079282;,
  0.455698;0.103583;0.177659;,
  0.428307;0.123442;0.054222;,
  0.420001;0.162662;0.113117;,
  0.455698;0.103583;0.177659;,
  0.420001;0.162662;0.113117;,
  0.444872;0.142017;0.189557;,
  0.420001;0.162662;0.113117;,
  0.430047;0.200790;0.194892;,
  0.444872;0.142017;0.189557;,
  0.430047;0.200790;0.194892;,
  0.420001;0.162662;0.113117;,
  0.418309;0.214300;0.126262;,
  0.367125;0.161578;0.089771;,
  0.418309;0.214300;0.126262;,
  0.420001;0.162662;0.113117;,
  0.418309;0.214300;0.126262;,
  0.367125;0.161578;0.089771;,
  0.377463;0.217129;0.119251;,
  0.330187;0.145786;0.133340;,
  0.377463;0.217129;0.119251;,
  0.367125;0.161578;0.089771;,
  0.377463;0.217129;0.119251;,
  0.330187;0.145786;0.133340;,
  0.342215;0.203290;0.140943;,
  0.330187;0.145786;0.133340;,
  0.338256;0.195646;0.172553;,
  0.342215;0.203290;0.140943;,
  0.367125;0.161578;0.089771;,
  0.333553;0.097864;0.108910;,
  0.330187;0.145786;0.133340;,
  0.322844;0.094559;0.174203;,
  0.330187;0.145786;0.133340;,
  0.333553;0.097864;0.108910;,
  0.330187;0.145786;0.133340;,
  0.322844;0.094559;0.174203;,
  0.328308;0.134672;0.181857;,
  0.338256;0.195646;0.172553;,
  0.330187;0.145786;0.133340;,
  0.328308;0.134672;0.181857;,
  0.333553;0.097864;0.108910;,
  0.362861;0.121709;0.035793;,
  0.327592;0.081288;0.043856;,
  0.362861;0.121709;0.035793;,
  0.333553;0.097864;0.108910;,
  0.367125;0.161578;0.089771;,
  0.367125;0.161578;0.089771;,
  0.428307;0.123442;0.054222;,
  0.362861;0.121709;0.035793;,
  0.428307;0.123442;0.054222;,
  0.367125;0.161578;0.089771;,
  0.420001;0.162662;0.113117;,
  0.322844;0.094559;0.174203;,
  0.344237;0.056059;0.112139;,
  0.327749;0.051823;0.167356;,
  0.322844;0.094559;0.174203;,
  0.333553;0.097864;0.108910;,
  0.333553;0.097864;0.108910;,
  0.333553;0.097864;0.108910;,
  0.327592;0.081288;0.043856;,
  0.320425;0.055116;-0.011418;,
  0.327592;0.081288;0.043856;,
  0.362861;0.121709;0.035793;,
  0.320425;0.055116;-0.011418;,
  0.327592;0.081288;0.043856;,
  0.320425;0.055116;-0.011418;,
  0.362861;0.121709;0.035793;,
  0.364057;0.093889;-0.014476;,
  0.428307;0.123442;0.054222;,
  0.364057;0.093889;-0.014476;,
  0.362861;0.121709;0.035793;,
  0.364057;0.093889;-0.014476;,
  0.428307;0.123442;0.054222;,
  0.412011;0.077005;-0.011630;,
  0.428307;0.123442;0.054222;,
  0.471685;0.080437;0.012966;,
  0.412011;0.077005;-0.011630;,
  0.412011;0.077005;-0.011630;,
  0.417197;0.002333;-0.070169;,
  0.412011;0.077005;-0.011630;,
  0.446619;0.031689;-0.089690;,
  0.412011;0.077005;-0.011630;,
  0.442157;0.061431;-0.057058;,
  0.442157;0.061431;-0.057058;,
  0.460648;0.033041;-0.122275;,
  0.442157;0.061431;-0.057058;,
  0.464519;0.072494;-0.114805;,
  0.464519;0.072494;-0.114805;,
  0.467855;0.017370;-0.167188;,
  0.464519;0.072494;-0.114805;,
  0.471273;0.049566;-0.160532;,
  0.471273;0.049566;-0.160532;,
  0.475291;0.001202;-0.205500;,
  0.471273;0.049566;-0.160532;,
  0.478242;0.025910;-0.199683;,
  0.478242;0.025910;-0.199683;,
  0.497597;0.004059;-0.250314;,
  0.471685;0.080437;0.012966;,
  0.442157;0.061431;-0.057058;,
  0.412011;0.077005;-0.011630;,
  0.442157;0.061431;-0.057058;,
  0.471685;0.080437;0.012966;,
  0.488357;0.075373;-0.032026;,
  0.488357;0.075373;-0.032026;,
  0.464519;0.072494;-0.114805;,
  0.442157;0.061431;-0.057058;,
  0.464519;0.072494;-0.114805;,
  0.488357;0.075373;-0.032026;,
  0.495303;0.081784;-0.096622;,
  0.495303;0.081784;-0.096622;,
  0.471273;0.049566;-0.160532;,
  0.464519;0.072494;-0.114805;,
  0.471273;0.049566;-0.160532;,
  0.495303;0.081784;-0.096622;,
  0.500081;0.067077;-0.142178;,
  0.500081;0.067077;-0.142178;,
  0.478242;0.025910;-0.199683;,
  0.471273;0.049566;-0.160532;,
  0.478242;0.025910;-0.199683;,
  0.500081;0.067077;-0.142178;,
  0.505010;0.042973;-0.181154;,
  0.505010;0.042973;-0.181154;,
  0.497873;0.015866;-0.246786;,
  0.478242;0.025910;-0.199683;,
  0.497873;0.015866;-0.246786;,
  0.505010;0.042973;-0.181154;,
  0.508545;0.015966;-0.241668;,
  0.532865;0.017221;-0.167503;,
  0.508545;0.015966;-0.241668;,
  0.505010;0.042973;-0.181154;,
  0.508545;0.015966;-0.241668;,
  0.532865;0.017221;-0.167503;,
  0.517749;0.010531;-0.239235;,
  0.478242;0.025910;-0.199683;,
  0.497873;0.015866;-0.246786;,
  0.497873;0.015866;-0.246786;,
  0.509328;0.002754;-0.244758;,
  0.497873;0.015866;-0.246786;,
  0.508545;0.015966;-0.241668;,
  0.508545;0.015966;-0.241668;,
  0.515623;0.003358;-0.238178;,
  0.508545;0.015966;-0.241668;,
  0.517749;0.010531;-0.239235;,
  0.517749;0.010531;-0.239235;,
  0.527094;-0.000648;-0.177153;,
  0.517749;0.010531;-0.239235;,
  0.532865;0.017221;-0.167503;,
  0.532865;0.017221;-0.167503;,
  0.528035;0.015434;-0.140988;,
  0.532865;0.017221;-0.167503;,
  0.532271;0.037026;-0.131091;,
  0.532271;0.037026;-0.131091;,
  0.528947;0.031021;-0.098155;,
  0.505010;0.042973;-0.181154;,
  0.532271;0.037026;-0.131091;,
  0.532865;0.017221;-0.167503;,
  0.532271;0.037026;-0.131091;,
  0.505010;0.042973;-0.181154;,
  0.500081;0.067077;-0.142178;,
  0.495303;0.081784;-0.096622;,
  0.532271;0.037026;-0.131091;,
  0.500081;0.067077;-0.142178;,
  0.532271;0.037026;-0.131091;,
  0.495303;0.081784;-0.096622;,
  0.526360;0.051931;-0.090899;,
  0.495303;0.081784;-0.096622;,
  0.517532;0.032503;-0.026603;,
  0.526360;0.051931;-0.090899;,
  0.517532;0.032503;-0.026603;,
  0.495303;0.081784;-0.096622;,
  0.488357;0.075373;-0.032026;,
  0.488357;0.075373;-0.032026;,
  0.495527;0.035858;0.024083;,
  0.517532;0.032503;-0.026603;,
  0.495527;0.035858;0.024083;,
  0.488357;0.075373;-0.032026;,
  0.471685;0.080437;0.012966;,
  0.465164;0.086723;0.079282;,
  0.495527;0.035858;0.024083;,
  0.471685;0.080437;0.012966;,
  0.471685;0.080437;0.012966;,
  0.428307;0.123442;0.054222;,
  0.465164;0.086723;0.079282;,
  0.532271;0.037026;-0.131091;,
  0.526360;0.051931;-0.090899;,
  0.526360;0.051931;-0.090899;,
  0.515009;0.005179;-0.033108;,
  0.526360;0.051931;-0.090899;,
  0.517532;0.032503;-0.026603;,
  0.517532;0.032503;-0.026603;,
  0.493259;0.006123;0.021693;,
  0.517532;0.032503;-0.026603;,
  0.495527;0.035858;0.024083;,
  0.477804;0.048361;0.085638;,
  0.495527;0.035858;0.024083;,
  0.495527;0.035858;0.024083;,
  0.465164;0.086723;0.079282;,
  0.477804;0.048361;0.085638;,
  0.465164;0.086723;0.079282;,
  0.446478;0.057148;0.181176;,
  0.477804;0.048361;0.085638;,
  0.446478;0.057148;0.181176;,
  0.465164;0.086723;0.079282;,
  0.455698;0.103583;0.177659;,
  0.446478;0.057148;0.181176;,
  0.455698;0.103583;0.177659;,
  0.477804;0.048361;0.085638;,
  0.475644;0.014304;0.081076;,
  0.477804;0.048361;0.085638;,
  0.437085;0.019541;0.171453;,
  0.477804;0.048361;0.085638;,
  0.446478;0.057148;0.181176;,
  0.446478;0.057148;0.181176;,
  0.389859;0.007574;0.218856;,
  0.446478;0.057148;0.181176;,
  0.407838;0.049280;0.235513;,
  0.446478;0.057148;0.181176;,
