xof 0303txt 0032
template ColorRGBA {
 <35ff44e0-6c7c-11cf-8f52-0040333594a3>
 FLOAT red;
 FLOAT green;
 FLOAT blue;
 FLOAT alpha;
}

template ColorRGB {
 <d3e16e81-7835-11cf-8f52-0040333594a3>
 FLOAT red;
 FLOAT green;
 FLOAT blue;
}

template Material {
 <3d82ab4d-62da-11cf-ab39-0020af71e433>
 ColorRGBA faceColor;
 FLOAT power;
 ColorRGB specularColor;
 ColorRGB emissiveColor;
 [...]
}

template TextureFilename {
 <a42790e1-7810-11cf-8f52-0040333594a3>
 STRING filename;
}

template Frame {
 <3d82ab46-62da-11cf-ab39-0020af71e433>
 [...]
}

template Matrix4x4 {
 <f6f23f45-7686-11cf-8f52-0040333594a3>
 array FLOAT matrix[16];
}

template FrameTransformMatrix {
 <f6f23f41-7686-11cf-8f52-0040333594a3>
 Matrix4x4 frameMatrix;
}

template Vector {
 <3d82ab5e-62da-11cf-ab39-0020af71e433>
 FLOAT x;
 FLOAT y;
 FLOAT z;
}

template MeshFace {
 <3d82ab5f-62da-11cf-ab39-0020af71e433>
 DWORD nFaceVertexIndices;
 array DWORD faceVertexIndices[nFaceVertexIndices];
}

template Mesh {
 <3d82ab44-62da-11cf-ab39-0020af71e433>
 DWORD nVertices;
 array Vector vertices[nVertices];
 DWORD nFaces;
 array MeshFace faces[nFaces];
 [...]
}

template MeshMaterialList {
 <f6f23f42-7686-11cf-8f52-0040333594a3>
 DWORD nMaterials;
 DWORD nFaceIndexes;
 array DWORD faceIndexes[nFaceIndexes];
 [Material <3d82ab4d-62da-11cf-ab39-0020af71e433>]
}

template VertexElement {
 <f752461c-1e23-48f6-b9f8-8350850f336f>
 DWORD Type;
 DWORD Method;
 DWORD Usage;
 DWORD UsageIndex;
}

template DeclData {
 <bf22e553-292c-4781-9fea-62bd554bdd93>
 DWORD nElements;
 array VertexElement Elements[nElements];
 DWORD nDWords;
 array DWORD data[nDWords];
}

template XSkinMeshHeader {
 <3cf169ce-ff7c-44ab-93c0-f78f62d172e2>
 WORD nMaxSkinWeightsPerVertex;
 WORD nMaxSkinWeightsPerFace;
 WORD nBones;
}

template SkinWeights {
 <6f0d123b-bad2-4167-a0d0-80224f25fabb>
 STRING transformNodeName;
 DWORD nWeights;
 array DWORD vertexIndices[nWeights];
 array FLOAT weights[nWeights];
 Matrix4x4 matrixOffset;
}

template AnimTicksPerSecond {
 <9e415a43-7ba6-4a73-8743-b73d47e88476>
 DWORD AnimTicksPerSecond;
}

template Animation {
 <3d82ab4f-62da-11cf-ab39-0020af71e433>
 [...]
}

template AnimationSet {
 <3d82ab50-62da-11cf-ab39-0020af71e433>
 [Animation <3d82ab4f-62da-11cf-ab39-0020af71e433>]
}

template FloatKeys {
 <10dd46a9-775b-11cf-8f52-0040333594a3>
 DWORD nValues;
 array FLOAT values[nValues];
}

template TimedFloatKeys {
 <f406b180-7b3b-11cf-8f52-0040333594a3>
 DWORD time;
 FloatKeys tfkeys;
}

template AnimationKey {
 <10dd46a8-775b-11cf-8f52-0040333594a3>
 DWORD keyType;
 DWORD nKeys;
 array TimedFloatKeys keys[nKeys];
}


Material CH_MadCap_XTX_Mat_INST {
 1.000000;1.000000;1.000000;1.000000;;
 10.000000;
 0.000000;0.000000;0.000000;;
 0.000000;0.000000;0.000000;;

 TextureFilename {
  "CH_MadCap_DMA.tga";
 }
}

Material CH_MadCap_GXX_Mat_INST {
 1.000000;1.000000;1.000000;1.000000;;
 10.000000;
 0.000000;0.000000;0.000000;;
 0.000000;0.000000;0.000000;;

 TextureFilename {
  "CH_MadCap_DMA.tga";
 }
}

Frame Dummy01 {
 

 FrameTransformMatrix {
  1.000000,0.000000,0.000000,0.000000,0.000000,1.000000,0.000000,0.000000,0.000000,0.000000,1.000000,0.000000,0.000000,0.000000,0.000000,1.000000;;
 }

 Frame RefBox {
  

  FrameTransformMatrix {
   1.000000,0.000000,0.000000,0.000000,0.000000,1.000000,0.000000,0.000000,0.000000,0.000000,1.000000,0.000000,0.000000,0.000000,0.000000,1.000000;;
  }
 }

 Frame Refbox_Align {
  

  FrameTransformMatrix {
   1.000000,0.000000,0.000000,0.000000,0.000000,1.000000,0.000000,0.000000,0.000000,0.000000,1.000000,0.000000,0.000000,0.000000,0.000000,1.000000;;
  }
 }

 Frame Bip01 {
  

  FrameTransformMatrix {
   0.000001,0.000000,-1.000000,0.000000,0.000000,1.000000,0.000000,0.000000,1.000000,0.000000,0.000001,0.000000,0.000082,0.313333,0.048471,1.000000;;
  }

  Frame Bip01-Pelvis {
   

   FrameTransformMatrix {
    0.000000,1.000000,-0.000001,0.000000,-0.000001,0.000001,1.000000,0.000000,1.000000,-0.000000,0.000001,0.000000,0.000000,0.000000,0.000000,1.000000;;
   }

   Frame Bip01-Spine {
    

    FrameTransformMatrix {
     0.997410,0.000001,0.071930,0.000000,-0.000002,1.000000,0.000004,0.000000,-0.071930,-0.000004,0.997410,0.000000,0.052808,0.000000,0.003016,1.000000;;
    }

    Frame Bip01-Spine1 {
     

     FrameTransformMatrix {
      0.983826,-0.000001,-0.179128,0.000000,0.000001,1.000000,-0.000000,0.000000,0.179128,-0.000000,0.983826,0.000000,0.077257,-0.000000,-0.000101,1.000000;;
     }

     Frame Bip01-Neck {
      

      FrameTransformMatrix {
       0.476212,0.000003,0.879331,0.000000,-0.000003,1.000000,-0.000001,0.000000,-0.879331,-0.000002,0.476212,0.000000,0.126105,0.000000,0.059243,1.000000;;
      }

      Frame Bip01-Head {
       

       FrameTransformMatrix {
        0.828723,-0.000002,-0.559659,0.000000,0.000002,1.000000,-0.000001,0.000000,0.559659,-0.000000,0.828723,0.000000,0.079296,-0.000000,0.000000,1.000000;;
       }

       Frame Bip01-HeadNub {
        

        FrameTransformMatrix {
         1.000000,-0.000000,-0.000000,0.000000,-0.000000,1.000000,0.000000,0.000000,-0.000000,0.000000,1.000000,0.000000,0.200079,0.000000,-0.000000,1.000000;;
        }
       }

       Frame Facial_Eye_L {
        

        FrameTransformMatrix {
         0.363826,0.001090,0.931466,0.000000,0.931467,-0.000001,-0.363827,0.000000,-0.000396,0.999999,-0.001016,0.000000,0.139090,0.056786,0.049229,1.000000;;
        }

        Frame Bip01-Facial_Eye_LNub {
         

         FrameTransformMatrix {
          0.000796,0.000003,1.000000,0.000000,-0.000000,-1.000000,0.000003,0.000000,1.000000,-0.000000,-0.000796,0.000000,0.036190,0.000000,-0.000000,1.000000;;
         }
        }
       }

       Frame Facial_Eye_R {
        

        FrameTransformMatrix {
         0.363827,0.000768,0.931466,0.000000,0.931467,-0.000001,-0.363827,0.000000,-0.000278,1.000000,-0.000716,0.000000,0.138435,-0.059595,0.050879,1.000000;;
        }

        Frame Bip01-Facial_Eye_RNub {
         

         FrameTransformMatrix {
          0.000796,0.000003,1.000000,0.000000,0.000000,-1.000000,0.000003,0.000000,1.000000,0.000000,-0.000796,0.000000,0.036160,-0.000000,0.000000,1.000000;;
         }
        }
       }

       Frame Facial_Mouth {
        

        FrameTransformMatrix {
         -0.036902,0.000003,0.999319,0.000000,-0.000003,1.000000,-0.000003,0.000000,-0.999319,-0.000003,-0.036901,0.000000,0.000270,0.000000,0.092373,1.000000;;
        }

        Frame Bip01-Facial_MouthNub {
         

         FrameTransformMatrix {
          0.000796,0.000003,1.000000,0.000000,-0.000000,-1.000000,0.000003,0.000000,1.000000,-0.000000,-0.000796,0.000000,0.101641,-0.000000,0.000000,1.000000;;
         }
        }
       }

       Frame Facial_EyeLids {
        

        FrameTransformMatrix {
         0.363827,0.002702,0.931463,0.000000,0.931466,-0.000001,-0.363828,0.000000,-0.000982,0.999997,-0.002517,0.000000,0.133328,0.146534,0.035273,1.000000;;
        }

        Frame Bip01-Facial_EyeLidsNub {
         

         FrameTransformMatrix {
          0.000796,0.000003,1.000000,0.000000,-0.000000,-1.000000,0.000003,0.000000,1.000000,-0.000000,-0.000796,0.000000,0.085115,-0.000000,0.000000,1.000000;;
         }
        }
       }

       Frame Bone_Hat {
        

        FrameTransformMatrix {
         0.363827,0.000001,0.931467,0.000000,-0.000002,-1.000000,0.000002,0.000000,0.931467,-0.000003,-0.363828,0.000000,0.245779,0.083532,-0.058234,1.000000;;
        }
       }
      }
     }

     Frame Bip01-L-Clavicle {
      

      FrameTransformMatrix {
       -0.145754,0.989321,0.000113,0.000000,0.989320,0.145754,-0.000788,0.000000,-0.000796,-0.000003,-1.000000,0.000000,0.113024,0.053352,-0.000756,1.000000;;
      }

      Frame Bip01-L-UpperArm {
       

       FrameTransformMatrix {
        0.742521,-0.632124,0.221545,0.000000,0.583971,0.772922,0.248132,0.000000,-0.328087,-0.054868,0.943052,0.000000,0.049715,0.000000,-0.000000,1.000000;;
       }

       Frame Bip01-L-Forearm {
        

        FrameTransformMatrix {
         0.987458,0.000000,-0.157885,0.000000,-0.000000,1.000001,-0.000000,0.000000,0.157885,0.000000,0.987458,0.000000,0.157718,0.000000,-0.000000,1.000000;;
        }
       }
      }

      Frame Bip01-LUpArmTwist {
       

       FrameTransformMatrix {
        0.742521,-0.632124,0.221544,0.000000,0.659985,0.746917,-0.080834,0.000000,-0.114378,0.206237,0.971794,0.000000,0.049715,0.000000,-0.000000,1.000000;;
       }

       Frame Bip01-LUpArmTwist1 {
        

        FrameTransformMatrix {
         1.000000,-0.000000,0.000000,0.000000,0.000000,0.985562,0.169317,0.000000,-0.000000,-0.169317,0.985562,0.000000,0.078859,0.000000,-0.000000,1.000000;;
        }

        Frame Bip01-L-ForeTwist {
         

         FrameTransformMatrix {
          0.987457,0.026733,-0.155605,0.000000,-0.018150,0.998248,0.056320,0.000000,0.156838,-0.052790,0.986212,0.000000,0.078859,0.000000,0.000000,1.000000;;
         }

         Frame Bip01-L-ForeTwist1 {
          

          FrameTransformMatrix {
           1.000000,-0.000000,-0.000000,0.000000,0.000000,0.993371,-0.114955,0.000000,0.000000,0.114955,0.993371,0.000000,0.055797,-0.000000,0.000000,1.000000;;
          }

          Frame Bip01-L-Hand {
           

           FrameTransformMatrix {
            0.999268,-0.037765,0.006047,0.000000,-0.001667,0.114955,0.993370,0.000000,-0.038209,-0.992653,0.114808,0.000000,0.055797,0.000000,0.000000,1.000000;;
           }

           Frame Bip01-L-Finger3 {
            

            FrameTransformMatrix {
             0.988091,0.144409,0.053117,0.000000,-0.144655,0.989482,0.000788,0.000000,-0.052445,-0.008462,0.998588,0.000000,0.144036,0.034543,0.007976,1.000000;;
            }

            Frame Bip01-L-Finger31 {
             

             FrameTransformMatrix {
              0.972901,0.000000,0.231222,0.000000,-0.000000,1.000000,-0.000000,0.000000,-0.231222,0.000000,0.972901,0.000000,0.026276,-0.000000,-0.000000,1.000000;;
             }

             Frame Bip01-L-Finger32 {
              

              FrameTransformMatrix {
               0.972901,-0.000000,0.231222,0.000000,0.000000,1.000000,-0.000000,0.000000,-0.231222,0.000000,0.972901,0.000000,0.032121,0.000000,-0.000000,1.000000;;
              }

              Frame Bip01-L-Finger3Nub {
               

               FrameTransformMatrix {
                1.000000,-0.000000,0.000000,0.000000,0.000000,1.000000,-0.000000,0.000000,-0.000000,-0.000000,1.000000,0.000000,0.019483,0.000000,0.000000,1.000000;;
               }
              }
             }
            }
           }

           Frame Bip01-L-Finger2 {
            

            FrameTransformMatrix {
             0.996849,0.067428,0.041771,0.000000,-0.067520,0.997717,0.000794,0.000000,-0.041622,-0.003612,0.999127,0.000000,0.144490,-0.001051,-0.000001,1.000000;;
            }

            Frame Bip01-L-Finger21 {
             

             FrameTransformMatrix {
              0.986468,0.000000,0.163956,0.000000,-0.000000,1.000000,-0.000000,0.000000,-0.163955,0.000000,0.986468,0.000000,0.046673,-0.000000,0.000000,1.000000;;
             }

             Frame Bip01-L-Finger22 {
              

              FrameTransformMatrix {
               0.996237,0.000000,0.086669,0.000000,-0.000000,1.000000,0.000000,0.000000,-0.086669,-0.000000,0.996237,0.000000,0.031087,-0.000000,0.000000,1.000000;;
              }

              Frame Bip01-L-Finger2Nub {
               

               FrameTransformMatrix {
                1.000000,0.000000,0.000000,0.000000,0.000000,1.000000,0.000000,0.000000,-0.000000,0.000000,1.000000,0.000000,0.028971,0.000000,-0.000000,1.000000;;
               }
              }
             }
            }
           }

           Frame Bip01-L-Finger1 {
            

            FrameTransformMatrix {
             0.999629,-0.027244,-0.000022,0.000000,0.027244,0.999628,0.000796,0.000000,-0.000000,-0.000796,1.000000,0.000000,0.144366,-0.034279,-0.000027,1.000000;;
            }

            Frame Bip01-L-Finger11 {
             

             FrameTransformMatrix {
              0.995260,-0.000000,0.097250,0.000000,-0.000000,1.000000,-0.000000,0.000000,-0.097250,0.000000,0.995260,0.000000,0.039833,-0.000000,0.000000,1.000000;;
             }

             Frame Bip01-L-Finger12 {
              

              FrameTransformMatrix {
               0.991021,-0.000000,0.133710,0.000000,0.000000,1.000000,-0.000000,0.000000,-0.133710,0.000000,0.991021,0.000000,0.033629,0.000000,-0.000000,1.000000;;
              }

              Frame Bip01-L-Finger1Nub {
               

               FrameTransformMatrix {
                1.000000,-0.000000,0.000000,0.000000,-0.000000,1.000000,0.000000,0.000000,0.000000,-0.000000,1.000000,0.000000,0.027055,-0.000000,0.000000,1.000000;;
               }
              }
             }
            }
           }

           Frame Bip01-L-Finger0 {
            

            FrameTransformMatrix {
             0.600990,-0.700668,0.384545,0.000000,0.718303,0.262503,-0.644308,0.000000,0.350502,0.663442,0.661054,0.000000,0.058019,-0.035015,0.018732,1.000000;;
            }

            Frame Bip01-L-Finger01 {
             

             FrameTransformMatrix {
              1.000000,0.000000,0.001009,0.000000,-0.000000,1.000000,0.000000,0.000000,-0.001009,0.000000,1.000000,0.000000,0.036582,-0.000000,0.000000,1.000000;;
             }

             Frame Bip01-L-Finger02 {
              

              FrameTransformMatrix {
               0.989908,-0.000000,0.141711,0.000000,0.000000,1.000000,0.000000,0.000000,-0.141712,-0.000000,0.989908,0.000000,0.039682,0.000000,0.000000,1.000000;;
              }

              Frame Bip01-L-Finger0Nub {
               

               FrameTransformMatrix {
                1.000000,0.000000,-0.000000,0.000000,-0.000000,1.000000,-0.000000,0.000000,0.000000,0.000000,1.000000,0.000000,0.028503,-0.000000,-0.000000,1.000000;;
               }
              }
             }
            }
           }

           Frame Bip01-Prop2 {
            

            FrameTransformMatrix {
             0.006754,-0.999785,-0.019605,0.000000,-0.752391,0.007833,-0.658670,0.000000,0.658682,0.019199,-0.752177,0.000000,-0.000000,-0.000000,-0.000000,1.000000;;
            }
           }
          }
         }
        }
       }
      }
     }

     Frame Bip01-R-Clavicle {
      

      FrameTransformMatrix {
       -0.145754,-0.989321,0.000119,0.000000,-0.989320,0.145754,0.000787,0.000000,-0.000796,-0.000003,-1.000000,0.000000,0.113024,-0.053352,-0.000755,1.000000;;
      }

      Frame Bip01-R-UpperArm {
       

       FrameTransformMatrix {
        0.742521,0.632124,0.221544,0.000000,-0.583971,0.772922,-0.248132,0.000000,-0.328087,0.054868,0.943052,0.000000,0.049715,0.000000,-0.000000,1.000000;;
       }

       Frame Bip01-R-Forearm {
        

        FrameTransformMatrix {
         0.987458,-0.000000,-0.157885,0.000000,0.000000,1.000000,-0.000000,0.000000,0.157885,-0.000000,0.987458,0.000000,0.157718,-0.000000,-0.000000,1.000000;;
        }
       }
      }

      Frame Bip01-RUpArmTwist {
       

       FrameTransformMatrix {
        0.742521,0.632124,0.221544,0.000000,-0.659985,0.746917,0.080834,0.000000,-0.114378,-0.206237,0.971794,0.000000,0.049715,0.000000,-0.000000,1.000000;;
       }

       Frame Bip01-RUpArmTwist1 {
        

        FrameTransformMatrix {
         1.000000,0.000000,-0.000000,0.000000,-0.000000,0.985562,-0.169317,0.000000,0.000000,0.169317,0.985562,0.000000,0.078859,0.000000,0.000000,1.000000;;
        }

        Frame Bip01-R-ForeTwist {
         

         FrameTransformMatrix {
          0.987458,-0.026733,-0.155605,0.000000,0.018150,0.998248,-0.056321,0.000000,0.156838,0.052790,0.986213,0.000000,0.078859,-0.000000,0.000000,1.000000;;
         }

         Frame Bip01-R-ForeTwist1 {
          

          FrameTransformMatrix {
           1.000000,0.000000,0.000000,0.000000,-0.000000,0.993371,0.114955,0.000000,0.000000,-0.114955,0.993370,0.000000,0.055797,0.000000,0.000000,1.000000;;
          }

          Frame Bip01-R-Hand {
           

           FrameTransformMatrix {
            0.999269,0.037764,0.006048,0.000000,0.001667,0.114955,-0.993370,0.000000,-0.038209,0.992653,0.114808,0.000000,0.055797,0.000000,0.000000,1.000000;;
           }

           Frame Bip01-R-Finger3 {
            

            FrameTransformMatrix {
             0.988091,-0.144409,0.053117,0.000000,0.144655,0.989482,-0.000788,0.000000,-0.052445,0.008462,0.998588,0.000000,0.144036,-0.034543,0.007976,1.000000;;
            }

            Frame Bip01-R-Finger31 {
             

             FrameTransformMatrix {
              0.972901,-0.000000,0.231222,0.000000,0.000000,1.000000,0.000000,0.000000,-0.231222,-0.000000,0.972902,0.000000,0.026276,-0.000000,0.000000,1.000000;;
             }

             Frame Bip01-R-Finger32 {
              

              FrameTransformMatrix {
               0.972901,0.000000,0.231222,0.000000,0.000000,1.000000,0.000000,0.000000,-0.231222,0.000000,0.972901,0.000000,0.032121,0.000000,0.000000,1.000000;;
              }

              Frame Bip01-R-Finger3Nub {
               

               FrameTransformMatrix {
                -1.000000,0.000000,-0.000000,0.000000,-0.000000,1.000000,0.000000,0.000000,0.000000,0.000000,-1.000000,0.000000,0.019483,-0.000000,0.000000,1.000000;;
               }
              }
             }
            }
           }

           Frame Bip01-R-Finger2 {
            

            FrameTransformMatrix {
             0.996849,-0.067428,0.041772,0.000000,0.067520,0.997717,-0.000795,0.000000,-0.041622,0.003612,0.999127,0.000000,0.144490,0.001051,-0.000001,1.000000;;
            }

            Frame Bip01-R-Finger21 {
             

             FrameTransformMatrix {
              0.986468,0.000000,0.163955,0.000000,-0.000000,1.000000,-0.000000,0.000000,-0.163956,0.000000,0.986468,0.000000,0.046673,-0.000000,0.000000,1.000000;;
             }

             Frame Bip01-R-Finger22 {
              

              FrameTransformMatrix {
               0.996237,0.000000,0.086669,0.000000,-0.000000,1.000000,0.000000,0.000000,-0.086669,-0.000000,0.996237,0.000000,0.031087,-0.000000,0.000000,1.000000;;
              }

              Frame Bip01-R-Finger2Nub {
               

               FrameTransformMatrix {
                -1.000000,0.000000,0.000000,0.000000,0.000000,1.000000,-0.000000,0.000000,-0.000000,-0.000000,-1.000000,0.000000,0.028971,0.000000,-0.000000,1.000000;;
               }
              }
             }
            }
           }

           Frame Bip01-R-Finger1 {
            

            FrameTransformMatrix {
             0.999629,0.027244,-0.000022,0.000000,-0.027244,0.999628,-0.000796,0.000000,0.000000,0.000796,1.000000,0.000000,0.144366,0.034279,-0.000027,1.000000;;
            }

            Frame Bip01-R-Finger11 {
             

             FrameTransformMatrix {
              0.991117,0.000000,0.132989,0.000000,-0.000000,1.000000,-0.000000,0.000000,-0.132989,0.000000,0.991117,0.000000,0.039833,0.000000,-0.000000,1.000000;;
             }

             Frame Bip01-R-Finger12 {
              

              FrameTransformMatrix {
               0.972901,-0.000000,0.231222,0.000000,0.000000,1.000000,-0.000000,0.000000,-0.231222,0.000000,0.972901,0.000000,0.033629,-0.000000,0.000000,1.000000;;
              }

              Frame Bip01-R-Finger1Nub {
               

               FrameTransformMatrix {
                -1.000000,-0.000000,-0.000000,0.000000,-0.000000,1.000000,0.000000,0.000000,0.000000,0.000000,-1.000000,0.000000,0.027055,0.000000,-0.000000,1.000000;;
               }
              }
             }
            }
           }

           Frame Bip01-R-Finger0 {
            

            FrameTransformMatrix {
             0.600990,0.700668,0.384545,0.000000,-0.718303,0.262503,0.644308,0.000000,0.350502,-0.663442,0.661054,0.000000,0.058019,0.035015,0.018732,1.000000;;
            }

            Frame Bip01-R-Finger01 {
             

             FrameTransformMatrix {
              1.000000,0.000000,0.001009,0.000000,-0.000000,1.000000,-0.000000,0.000000,-0.001009,0.000000,0.999999,0.000000,0.036582,0.000000,0.000000,1.000000;;
             }

             Frame Bip01-R-Finger02 {
              

              FrameTransformMatrix {
               0.989908,-0.000000,0.141711,0.000000,0.000000,1.000000,0.000000,0.000000,-0.141711,-0.000000,0.989908,0.000000,0.039682,-0.000000,-0.000000,1.000000;;
              }

              Frame Bip01-R-Finger0Nub {
               

               FrameTransformMatrix {
                -1.000000,-0.000000,-0.000000,0.000000,-0.000000,1.000000,0.000000,0.000000,0.000000,0.000000,-1.000000,0.000000,0.028503,0.000000,0.000000,1.000000;;
               }
              }
             }
            }
           }

           Frame Bip01-Prop1 {
            

            FrameTransformMatrix {
             -0.957704,0.028517,0.286339,0.000000,-0.000285,0.994983,-0.100045,0.000000,-0.287755,-0.095895,-0.952891,0.000000,0.114616,-0.000518,0.026419,1.000000;;
            }
           }
          }
         }
        }
       }
      }
     }

     Frame Bip01-Spine1_Extra {
      

      FrameTransformMatrix {
       -0.000000,-0.000003,-1.000000,0.000000,0.000003,1.000000,-0.000003,0.000000,1.000000,-0.000003,-0.000000,0.000000,-0.000115,-0.000000,0.000000,1.000000;;
      }

      Frame Bip01-Bip01-Spine1_ExtraNub {
       

       FrameTransformMatrix {
        0.000796,0.000003,1.000000,0.000000,0.000000,-1.000000,0.000003,0.000000,1.000000,0.000000,-0.000796,0.000000,0.196352,0.000000,0.000000,1.000000;;
       }
      }
     }
    }
   }

   Frame Bip01-L-Thigh {
    

    FrameTransformMatrix {
     -0.953577,-0.056369,0.295826,0.000000,0.051846,-0.998388,-0.023118,0.000000,0.296652,-0.006707,0.954962,0.000000,-0.000000,0.079175,0.000000,1.000000;;
    }

    Frame Bip01-L-Calf {
     

     FrameTransformMatrix {
      0.591484,-0.000000,-0.806317,0.000000,0.000000,1.000000,0.000000,0.000000,0.806317,0.000000,0.591484,0.000000,0.137881,-0.000000,-0.000000,1.000000;;
     }

     Frame Bip01-L-Foot {
      

      FrameTransformMatrix {
       0.803221,-0.051845,0.593420,0.000000,-0.023029,0.992758,0.117904,0.000000,-0.595235,-0.108369,0.796210,0.000000,0.130400,0.000000,0.000000,1.000000;;
      }

      Frame Bip01-L-Toe0 {
       

       FrameTransformMatrix {
        -0.000000,0.060672,0.998158,0.000000,0.000000,0.998158,-0.060672,0.000000,-1.000000,0.000000,-0.000000,0.000000,0.065387,0.000000,0.084836,1.000000;;
       }

       Frame Bip01-L-Toe01 {
        

        FrameTransformMatrix {
         1.000000,0.000000,-0.000000,0.000000,-0.000000,1.000000,0.000000,0.000000,0.000000,-0.000000,1.000000,0.000000,0.053096,-0.000000,0.000000,1.000000;;
        }

        Frame Bip01-L-Toe02 {
         

         FrameTransformMatrix {
          1.000000,-0.000000,0.000000,0.000000,0.000000,1.000000,0.000000,0.000000,0.000000,0.000000,1.000000,0.000000,0.033552,0.000000,-0.000000,1.000000;;
         }

         Frame Bip01-L-Toe0Nub {
          

          FrameTransformMatrix {
           -1.000000,0.000000,0.000000,0.000000,-0.000000,1.000000,-0.000000,0.000000,-0.000000,-0.000000,-1.000000,0.000000,0.025152,-0.000000,0.000000,1.000000;;
          }
         }
        }
       }
      }
     }
    }
   }

   Frame Bip01-R-Thigh {
    

    FrameTransformMatrix {
     -0.953577,0.056366,0.295826,0.000000,-0.051843,-0.998387,0.023115,0.000000,0.296652,0.006706,0.954962,0.000000,0.000000,-0.079175,-0.000000,1.000000;;
    }

    Frame Bip01-R-Calf {
     

     FrameTransformMatrix {
      0.591484,0.000000,-0.806317,0.000000,0.000000,1.000000,0.000000,0.000000,0.806317,-0.000000,0.591484,0.000000,0.137881,-0.000000,0.000000,1.000000;;
     }

     Frame Bip01-R-Foot {
      

      FrameTransformMatrix {
       0.803221,0.051845,0.593420,0.000000,0.023029,0.992758,-0.117904,0.000000,-0.595235,0.108369,0.796210,0.000000,0.130400,0.000000,-0.000000,1.000000;;
      }

      Frame Bip01-R-Toe0 {
       

       FrameTransformMatrix {
        -0.000000,-0.060672,0.998158,0.000000,-0.000000,0.998158,0.060672,0.000000,-1.000000,-0.000000,0.000000,0.000000,0.065387,-0.000000,0.084836,1.000000;;
       }

       Frame Bip01-R-Toe01 {
        

        FrameTransformMatrix {
         1.000000,0.000000,0.000000,0.000000,0.000000,1.000000,0.000000,0.000000,-0.000000,0.000000,1.000000,0.000000,0.053096,-0.000000,0.000000,1.000000;;
        }

        Frame Bip01-R-Toe02 {
         

         FrameTransformMatrix {
          1.000000,-0.000000,-0.000000,0.000000,0.000000,1.000000,0.000000,0.000000,0.000000,-0.000000,1.000000,0.000000,0.033552,0.000000,0.000000,1.000000;;
         }

         Frame Bip01-R-Toe0Nub {
          

          FrameTransformMatrix {
           1.000000,-0.000000,0.000000,0.000000,-0.000000,1.000000,-0.000000,0.000000,0.000000,0.000000,1.000000,0.000000,0.025152,0.000000,0.000000,1.000000;;
          }
         }
        }
       }
      }
     }
    }
   }
  }
 }
}

Frame SK_MadCap_A {
 

 FrameTransformMatrix {
  1.000000,0.000000,0.000000,0.000000,0.000000,1.000000,0.000000,0.000000,0.000000,0.000000,1.000000,0.000000,0.000000,0.000000,0.000000,1.000000;;
 }

 Mesh SK_MadCap_A {
  9012;
  -0.102077;0.629160;-0.049067;,
  -0.056980;0.669572;0.030513;,
  -0.097476;0.645761;-0.036846;,
  0.154082;0.750959;-0.025198;,
  0.125221;0.742716;-0.042850;,
  0.141193;0.749146;-0.018499;,
  0.154082;0.750959;-0.025198;,
  0.132321;0.739845;-0.044887;,
  0.172732;0.729613;0.004541;,
  0.159067;0.729226;0.009020;,
  0.172732;0.729613;0.004541;,
  0.154082;0.750959;-0.025198;,
  0.122786;0.688499;-0.024070;,
  0.154082;0.750959;-0.025198;,
  0.172732;0.729613;0.004541;,
  0.122786;0.688499;-0.024070;,
  0.132321;0.739845;-0.044887;,
  0.154082;0.750959;-0.025198;,
  0.132321;0.739845;-0.044887;,
  0.122786;0.688499;-0.024070;,
  0.118110;0.729490;-0.051957;,
  0.118110;0.729490;-0.051957;,
  0.132321;0.739845;-0.044887;,
  0.118110;0.729490;-0.051957;,
  0.115504;0.731450;-0.051019;,
  0.115504;0.731450;-0.051019;,
  0.110786;0.726012;-0.037915;,
  0.115504;0.731450;-0.051019;,
  0.107777;0.726129;-0.053268;,
  0.115504;0.731450;-0.051019;,
  0.116162;0.685829;-0.055455;,
  0.115504;0.731450;-0.051019;,
  0.118110;0.729490;-0.051957;,
  0.122786;0.688499;-0.024070;,
  0.118110;0.729490;-0.051957;,
  0.122786;0.688499;-0.024070;,
  0.104942;0.635111;-0.058415;,
  0.122558;0.628815;-0.038764;,
  0.122786;0.688499;-0.024070;,
  0.115543;0.630963;-0.034960;,
  0.122558;0.628815;-0.038764;,
  0.122558;0.628815;-0.038764;,
  0.145858;0.648783;0.000250;,
  0.115543;0.630963;-0.034960;,
  0.145858;0.648783;0.000250;,
  0.122558;0.628815;-0.038764;,
  0.147735;0.645042;-0.006724;,
  0.167497;0.675092;0.014218;,
  0.145858;0.648783;0.000250;,
  0.147735;0.645042;-0.006724;,
  0.167497;0.675092;0.014218;,
  0.147735;0.645042;-0.006724;,
  0.122786;0.688499;-0.024070;,
  0.122786;0.688499;-0.024070;,
  0.175039;0.701355;0.017803;,
  0.167497;0.675092;0.014218;,
  0.122786;0.688499;-0.024070;,
  0.172732;0.729613;0.004541;,
  0.175039;0.701355;0.017803;,
  0.122558;0.628815;-0.038764;,
  0.122786;0.688499;-0.024070;,
  0.147735;0.645042;-0.006724;,
  0.115543;0.630963;-0.034960;,
  0.100341;0.629160;-0.049067;,
  0.101746;0.647878;-0.039517;,
  0.095763;0.645761;-0.036846;,
  0.115543;0.630963;-0.034960;,
  0.115543;0.630963;-0.034960;,
  0.135009;0.668336;0.000925;,
  0.135009;0.668336;0.000925;,
  0.115543;0.630963;-0.034960;,
  0.145858;0.648783;0.000250;,
  0.159595;0.673828;0.018040;,
  0.135009;0.668336;0.000925;,
  0.145858;0.648783;0.000250;,
  0.145858;0.648783;0.000250;,
  0.167497;0.675092;0.014218;,
  0.159595;0.673828;0.018040;,
  0.167497;0.675092;0.014218;,
  0.162737;0.699892;0.021411;,
  0.159595;0.673828;0.018040;,
  0.162737;0.699892;0.021411;,
  0.167497;0.675092;0.014218;,
  0.175039;0.701355;0.017803;,
  0.175039;0.701355;0.017803;,
  0.162737;0.699892;0.021411;,
  0.175039;0.701355;0.017803;,
  0.172732;0.729613;0.004541;,
  0.131619;0.724123;-0.018746;,
  0.107126;0.689577;-0.005079;,
  0.141808;0.706584;-0.000271;,
  0.141808;0.706584;-0.000271;,
  0.141808;0.706584;-0.000271;,
  0.135009;0.668336;0.000925;,
  0.131619;0.724123;-0.018746;,
  0.110786;0.726012;-0.037915;,
  0.131619;0.724123;-0.018746;,
  0.125221;0.742716;-0.042850;,
  0.131619;0.724123;-0.018746;,
  0.141193;0.749146;-0.018499;,
  0.141808;0.706584;-0.000271;,
  0.131619;0.724123;-0.018746;,
  0.141808;0.706584;-0.000271;,
  0.159067;0.729226;0.009020;,
  0.141808;0.706584;-0.000271;,
  0.162737;0.699892;0.021411;,
  0.162737;0.699892;0.021411;,
  0.141808;0.706584;-0.000271;,
  0.135009;0.668336;0.000925;,
  0.135009;0.668336;0.000925;,
  0.159595;0.673828;0.018040;,
  0.162737;0.699892;0.021411;,
  -0.015739;0.557481;0.058845;,
  0.013976;0.533370;0.035588;,
  0.015073;0.558557;0.058953;,
  -0.015558;0.530908;0.035375;,
  -0.014614;0.524830;-0.004391;,
  0.014281;0.556533;0.007416;,
  0.014815;0.525274;-0.004475;,
  -0.013504;0.555525;0.007347;,
  0.014512;0.590125;0.038714;,
  -0.014803;0.588173;0.039071;,
  0.013976;0.533370;0.035588;,
  0.014512;0.590125;0.038714;,
  0.015073;0.558557;0.058953;,
  0.014281;0.556533;0.007416;,
  0.014815;0.525274;-0.004475;,
  -0.014324;0.555662;0.181872;,
  0.011940;0.488591;0.120279;,
  -0.013706;0.490418;0.121308;,
  0.011940;0.488591;0.120279;,
  0.012353;0.558382;0.180968;,
  0.011940;0.488591;0.120279;,
  0.012353;0.558382;0.180968;,
  0.013016;0.522158;0.200464;,
  -0.013166;0.521460;0.200494;,
  0.011940;0.488591;0.120279;,
  0.013016;0.522158;0.200464;,
  0.011940;0.488591;0.120279;,
  -0.013166;0.521460;0.200494;,
  -0.013706;0.490418;0.121308;,
  -0.013166;0.521460;0.200494;,
  -0.014324;0.555662;0.181872;,
  -0.015027;0.559924;0.170168;,
  0.014555;0.580291;0.126848;,
  0.015290;0.558437;0.171306;,
  -0.014885;0.581010;0.126950;,
  0.016170;0.574823;0.092075;,
  -0.015920;0.574816;0.092734;,
  0.015073;0.558557;0.058953;,
  -0.015739;0.557481;0.058845;,
  -0.014193;0.415822;0.069254;,
  0.015171;0.417795;0.134732;,
  0.016280;0.417742;0.069570;,
  -0.016026;0.418765;0.134503;,
  0.013767;0.431316;0.171823;,
  -0.015894;0.431835;0.171172;,
  0.014727;0.470263;0.197665;,
  -0.015232;0.469233;0.196432;,
  0.014036;0.515520;0.197854;,
  -0.015026;0.515248;0.200866;,
  -0.015746;0.410481;0.203334;,
  0.013743;0.393061;0.179112;,
  0.014144;0.411023;0.201309;,
  -0.015453;0.393157;0.178998;,
  0.013000;0.365810;0.183250;,
  -0.012875;0.364936;0.182689;,
  0.014031;0.355341;0.152281;,
  -0.012378;0.353989;0.153536;,
  0.015552;0.381287;0.139164;,
  -0.014362;0.383122;0.139917;,
  0.014320;0.381284;0.065699;,
  -0.013268;0.382870;0.067308;,
  -0.011424;0.472705;0.266734;,
  0.014164;0.470519;0.239131;,
  0.015162;0.471067;0.267549;,
  -0.017007;0.469949;0.239334;,
  0.015681;0.439786;0.227959;,
  -0.014587;0.440855;0.227166;,
  0.013846;0.416079;0.244934;,
  -0.009861;0.417873;0.245681;,
  0.011665;0.395522;0.226760;,
  -0.012706;0.397630;0.227383;,
  -0.013337;0.595285;0.235475;,
  0.014520;0.570048;0.254305;,
  0.011235;0.597374;0.236773;,
  -0.014546;0.570221;0.253260;,
  0.016478;0.542082;0.233526;,
  -0.013200;0.541851;0.233013;,
  0.014684;0.511500;0.241200;,
  -0.015045;0.510500;0.242309;,
  0.012947;0.502442;0.270770;,
  -0.014400;0.500467;0.270663;,
  -0.013894;0.614876;0.143124;,
  0.012551;0.644907;0.164223;,
  0.016028;0.612705;0.144051;,
  -0.011142;0.641763;0.165241;,
  0.012548;0.628496;0.195407;,
  -0.012742;0.628347;0.193294;,
  0.014893;0.598031;0.183979;,
  -0.014178;0.597540;0.182163;,
  0.014490;0.582113;0.204472;,
  -0.015496;0.582184;0.203315;,
  -0.014803;0.588173;0.039071;,
  0.014743;0.611143;0.079535;,
  0.014512;0.590125;0.038714;,
  -0.016103;0.608022;0.079766;,
  0.011499;0.638859;0.081775;,
  -0.013236;0.635327;0.083369;,
  0.013312;0.644124;0.111495;,
  -0.015368;0.644426;0.111415;,
  0.013456;0.618539;0.122679;,
  -0.015099;0.616797;0.123245;,
  0.013312;0.644124;0.111495;,
  0.014743;0.611143;0.079535;,
  0.011499;0.638859;0.081775;,
  0.013456;0.618539;0.122679;,
  0.015073;0.558557;0.058953;,
  0.014512;0.590125;0.038714;,
  0.016170;0.574823;0.092075;,
  0.014555;0.580291;0.126848;,
  0.016028;0.612705;0.144051;,
  0.014893;0.598031;0.183979;,
  0.015290;0.558437;0.171306;,
  0.014490;0.582113;0.204472;,
  0.016478;0.542082;0.233526;,
  0.014036;0.515520;0.197854;,
  0.012548;0.628496;0.195407;,
  0.012551;0.644907;0.164223;,
  0.014520;0.570048;0.254305;,
  0.011235;0.597374;0.236773;,
  0.014684;0.511500;0.241200;,
  0.014164;0.470519;0.239131;,
  0.014727;0.470263;0.197665;,
  0.015681;0.439786;0.227959;,
  0.014144;0.411023;0.201309;,
  0.011665;0.395522;0.226760;,
  0.013846;0.416079;0.244934;,
  0.015162;0.471067;0.267549;,
  0.012947;0.502442;0.270770;,
  0.015171;0.417795;0.134732;,
  0.014320;0.381284;0.065699;,
  0.016280;0.417742;0.069570;,
  0.015552;0.381287;0.139164;,
  0.013767;0.431316;0.171823;,
  0.013743;0.393061;0.179112;,
  0.014031;0.355341;0.152281;,
  0.013000;0.365810;0.183250;,
  0.060811;0.607413;-0.213841;,
  0.057139;0.638419;-0.211182;,
  0.069597;0.627532;-0.187431;,
  0.072123;0.577050;-0.191405;,
  0.060811;0.607413;-0.213841;,
  0.069597;0.627532;-0.187431;,
  0.060811;0.607413;-0.213841;,
  0.072123;0.577050;-0.191405;,
  0.057116;0.569305;-0.214501;,
  0.052397;0.572848;-0.221868;,
  0.060811;0.607413;-0.213841;,
  0.057116;0.569305;-0.214501;,
  0.060811;0.607413;-0.213841;,
  0.052397;0.572848;-0.221868;,
  0.051582;0.587039;-0.229527;,
  0.040643;0.598179;-0.255753;,
  0.060811;0.607413;-0.213841;,
  0.051582;0.587039;-0.229527;,
  0.060811;0.607413;-0.213841;,
  0.040643;0.598179;-0.255753;,
  0.049431;0.626048;-0.231457;,
  0.057139;0.638419;-0.211182;,
  0.060811;0.607413;-0.213841;,
  0.049431;0.626048;-0.231457;,
  0.049431;0.626048;-0.231457;,
  0.067250;0.644383;-0.219290;,
  0.057139;0.638419;-0.211182;,
  0.067250;0.644383;-0.219290;,
  0.049431;0.626048;-0.231457;,
  0.065889;0.643669;-0.249016;,
  0.018358;0.581642;-0.286695;,
  0.040643;0.598179;-0.255753;,
  0.035128;0.582827;-0.261124;,
  0.051582;0.587039;-0.229527;,
  0.035128;0.582827;-0.261124;,
  0.040643;0.598179;-0.255753;,
  0.035128;0.582827;-0.261124;,
  0.051582;0.587039;-0.229527;,
  0.046545;0.579606;-0.234057;,
  0.052397;0.572848;-0.221868;,
  0.046545;0.579606;-0.234057;,
  0.051582;0.587039;-0.229527;,
  0.046545;0.579606;-0.234057;,
  0.052397;0.572848;-0.221868;,
  0.050196;0.575635;-0.228501;,
  0.052397;0.572848;-0.221868;,
  0.045459;0.578858;-0.234779;,
  0.050196;0.575635;-0.228501;,
  0.045459;0.578858;-0.234779;,
  0.032247;0.585080;-0.244709;,
  0.043649;0.578561;-0.222717;,
  0.047495;0.577872;-0.216928;,
  0.045459;0.578858;-0.234779;,
  0.045459;0.578858;-0.234779;,
  0.050196;0.575635;-0.228501;,
  0.045609;0.582523;-0.220045;,
  0.050196;0.575635;-0.228501;,
  0.050196;0.575635;-0.228501;,
  0.046545;0.579606;-0.234057;,
  0.033892;0.587976;-0.244511;,
  0.046545;0.579606;-0.234057;,
  0.046545;0.579606;-0.234057;,
  0.035128;0.582827;-0.261124;,
  0.014727;0.586102;-0.278654;,
  0.035128;0.582827;-0.261124;,
  0.035128;0.582827;-0.261124;,
  0.018358;0.581642;-0.286695;,
  -0.000385;0.583766;-0.283541;,
  0.018358;0.581642;-0.286695;,
  0.069597;0.627532;-0.187431;,
  0.093636;0.599619;-0.142078;,
  0.072123;0.577050;-0.191405;,
  0.093636;0.599619;-0.142078;,
  0.059590;0.558955;-0.195254;,
  0.072123;0.577050;-0.191405;,
  0.059590;0.558955;-0.195254;,
  0.057116;0.569305;-0.214501;,
  0.072123;0.577050;-0.191405;,
  0.057116;0.569305;-0.214501;,
  0.059590;0.558955;-0.195254;,
  0.050510;0.553440;-0.230089;,
  0.050510;0.553440;-0.230089;,
  0.052397;0.572848;-0.221868;,
  0.057116;0.569305;-0.214501;,
  0.052397;0.572848;-0.221868;,
  0.050510;0.553440;-0.230089;,
  0.047200;0.572225;-0.237421;,
  0.045459;0.578858;-0.234779;,
  0.052397;0.572848;-0.221868;,
  0.047200;0.572225;-0.237421;,
  0.035878;0.571403;-0.259896;,
  0.045459;0.578858;-0.234779;,
  0.047200;0.572225;-0.237421;,
  0.045459;0.578858;-0.234779;,
  0.035878;0.571403;-0.259896;,
  0.035403;0.582399;-0.260635;,
  0.045459;0.578858;-0.234779;,
  0.035403;0.582399;-0.260635;,
  0.059590;0.558955;-0.195254;,
  0.042187;0.546065;-0.241096;,
  0.050510;0.553440;-0.230089;,
  0.035878;0.571403;-0.259896;,
  0.050510;0.553440;-0.230089;,
  0.042187;0.546065;-0.241096;,
  0.050510;0.553440;-0.230089;,
  0.035878;0.571403;-0.259896;,
  0.047200;0.572225;-0.237421;,
  0.097401;0.609535;-0.060597;,
  0.107885;0.613536;-0.105257;,
  0.111617;0.622954;-0.076036;,
  0.107885;0.613536;-0.105257;,
  0.097401;0.609535;-0.060597;,
  0.091081;0.588033;-0.093854;,
  0.097401;0.609535;-0.060597;,
  0.064484;0.584126;-0.094662;,
  0.091081;0.588033;-0.093854;,
  0.064484;0.584126;-0.094662;,
  0.079409;0.579314;-0.141690;,
  0.091081;0.588033;-0.093854;,
  0.079409;0.579314;-0.141690;,
  0.064484;0.584126;-0.094662;,
  0.054985;0.567068;-0.151193;,
  0.054985;0.567068;-0.151193;,
  0.059590;0.558955;-0.195254;,
  0.079409;0.579314;-0.141690;,
  0.059590;0.558955;-0.195254;,
  0.054985;0.567068;-0.151193;,
  0.044342;0.550478;-0.203952;,
  0.042187;0.546065;-0.241096;,
  0.059590;0.558955;-0.195254;,
  0.044342;0.550478;-0.203952;,
  0.044342;0.550478;-0.203952;,
  0.021749;0.538477;-0.256145;,
  0.042187;0.546065;-0.241096;,
  0.021749;0.538477;-0.256145;,
  0.035878;0.571403;-0.259896;,
  0.042187;0.546065;-0.241096;,
  0.079409;0.579314;-0.141690;,
  0.107885;0.613536;-0.105257;,
  0.091081;0.588033;-0.093854;,
  0.059590;0.558955;-0.195254;,
  0.093636;0.599619;-0.142078;,
  0.079409;0.579314;-0.141690;,
  0.107885;0.613536;-0.105257;,
  0.079409;0.579314;-0.141690;,
  0.093636;0.599619;-0.142078;,
  0.093636;0.599619;-0.142078;,
  0.108093;0.659614;-0.123547;,
  0.107885;0.613536;-0.105257;,
  0.115034;0.726186;-0.110170;,
  0.108093;0.659614;-0.123547;,
  0.115349;0.700272;-0.131013;,
  0.101791;0.735092;-0.166169;,
  0.099332;0.761473;-0.161988;,
  0.111119;0.732169;-0.137323;,
  0.100894;0.775140;-0.127232;,
  0.111119;0.732169;-0.137323;,
  0.099332;0.761473;-0.161988;,
  0.111119;0.732169;-0.137323;,
  0.100894;0.775140;-0.127232;,
  0.115034;0.726186;-0.110170;,
  0.115034;0.726186;-0.110170;,
  0.114856;0.716221;-0.134168;,
  0.111119;0.732169;-0.137323;,
  0.114856;0.716221;-0.134168;,
  0.115034;0.726186;-0.110170;,
  0.115349;0.700272;-0.131013;,
  0.096200;0.701754;-0.155739;,
  0.114856;0.716221;-0.134168;,
  0.115349;0.700272;-0.131013;,
  0.108093;0.659614;-0.123547;,
  0.096200;0.701754;-0.155739;,
  0.115349;0.700272;-0.131013;,
  0.096200;0.701754;-0.155739;,
  0.108093;0.659614;-0.123547;,
  0.083669;0.674542;-0.168110;,
  0.108093;0.659614;-0.123547;,
  0.093636;0.599619;-0.142078;,
  0.083669;0.674542;-0.168110;,
  0.093636;0.599619;-0.142078;,
  0.069597;0.627532;-0.187431;,
  0.083669;0.674542;-0.168110;,
  0.087505;0.710423;-0.175663;,
  0.087003;0.723568;-0.174952;,
  0.091381;0.722112;-0.172698;,
  0.101656;0.718423;-0.160954;,
  0.087505;0.710423;-0.175663;,
  0.091381;0.722112;-0.172698;,
  0.087505;0.710423;-0.175663;,
  0.101656;0.718423;-0.160954;,
  0.096200;0.701754;-0.155739;,
  0.114856;0.716221;-0.134168;,
  0.096200;0.701754;-0.155739;,
  0.101656;0.718423;-0.160954;,
  0.101656;0.718423;-0.160954;,
  0.111119;0.732169;-0.137323;,
  0.114856;0.716221;-0.134168;,
  0.111119;0.732169;-0.137323;,
  0.101656;0.718423;-0.160954;,
  0.101791;0.735092;-0.166169;,
  0.091381;0.722112;-0.172698;,
  0.101791;0.735092;-0.166169;,
  0.101656;0.718423;-0.160954;,
  0.101791;0.735092;-0.166169;,
  0.091381;0.722112;-0.172698;,
  0.091673;0.733802;-0.169732;,
  0.087003;0.723568;-0.174952;,
  0.091673;0.733802;-0.169732;,
  0.091381;0.722112;-0.172698;,
  0.091673;0.733802;-0.169732;,
  0.087003;0.723568;-0.174952;,
  0.088020;0.733644;-0.170846;,
