xof 0303txt 0032
template ColorRGBA {
 <35ff44e0-6c7c-11cf-8f52-0040333594a3>
 FLOAT red;
 FLOAT green;
 FLOAT blue;
 FLOAT alpha;
}

template ColorRGB {
 <d3e16e81-7835-11cf-8f52-0040333594a3>
 FLOAT red;
 FLOAT green;
 FLOAT blue;
}

template Material {
 <3d82ab4d-62da-11cf-ab39-0020af71e433>
 ColorRGBA faceColor;
 FLOAT power;
 ColorRGB specularColor;
 ColorRGB emissiveColor;
 [...]
}

template TextureFilename {
 <a42790e1-7810-11cf-8f52-0040333594a3>
 STRING filename;
}

template Frame {
 <3d82ab46-62da-11cf-ab39-0020af71e433>
 [...]
}

template Matrix4x4 {
 <f6f23f45-7686-11cf-8f52-0040333594a3>
 array FLOAT matrix[16];
}

template FrameTransformMatrix {
 <f6f23f41-7686-11cf-8f52-0040333594a3>
 Matrix4x4 frameMatrix;
}

template Vector {
 <3d82ab5e-62da-11cf-ab39-0020af71e433>
 FLOAT x;
 FLOAT y;
 FLOAT z;
}

template MeshFace {
 <3d82ab5f-62da-11cf-ab39-0020af71e433>
 DWORD nFaceVertexIndices;
 array DWORD faceVertexIndices[nFaceVertexIndices];
}

template Mesh {
 <3d82ab44-62da-11cf-ab39-0020af71e433>
 DWORD nVertices;
 array Vector vertices[nVertices];
 DWORD nFaces;
 array MeshFace faces[nFaces];
 [...]
}

template MeshMaterialList {
 <f6f23f42-7686-11cf-8f52-0040333594a3>
 DWORD nMaterials;
 DWORD nFaceIndexes;
 array DWORD faceIndexes[nFaceIndexes];
 [Material <3d82ab4d-62da-11cf-ab39-0020af71e433>]
}

template VertexElement {
 <f752461c-1e23-48f6-b9f8-8350850f336f>
 DWORD Type;
 DWORD Method;
 DWORD Usage;
 DWORD UsageIndex;
}

template DeclData {
 <bf22e553-292c-4781-9fea-62bd554bdd93>
 DWORD nElements;
 array VertexElement Elements[nElements];
 DWORD nDWords;
 array DWORD data[nDWords];
}

template XSkinMeshHeader {
 <3cf169ce-ff7c-44ab-93c0-f78f62d172e2>
 WORD nMaxSkinWeightsPerVertex;
 WORD nMaxSkinWeightsPerFace;
 WORD nBones;
}

template SkinWeights {
 <6f0d123b-bad2-4167-a0d0-80224f25fabb>
 STRING transformNodeName;
 DWORD nWeights;
 array DWORD vertexIndices[nWeights];
 array FLOAT weights[nWeights];
 Matrix4x4 matrixOffset;
}

template AnimTicksPerSecond {
 <9e415a43-7ba6-4a73-8743-b73d47e88476>
 DWORD AnimTicksPerSecond;
}

template Animation {
 <3d82ab4f-62da-11cf-ab39-0020af71e433>
 [...]
}

template AnimationSet {
 <3d82ab50-62da-11cf-ab39-0020af71e433>
 [Animation <3d82ab4f-62da-11cf-ab39-0020af71e433>]
}

template FloatKeys {
 <10dd46a9-775b-11cf-8f52-0040333594a3>
 DWORD nValues;
 array FLOAT values[nValues];
}

template TimedFloatKeys {
 <f406b180-7b3b-11cf-8f52-0040333594a3>
 DWORD time;
 FloatKeys tfkeys;
}

template AnimationKey {
 <10dd46a8-775b-11cf-8f52-0040333594a3>
 DWORD keyType;
 DWORD nKeys;
 array TimedFloatKeys keys[nKeys];
}


Material ShrinkFlower_XXX_Mat_INST {
 1.000000;1.000000;1.000000;1.000000;;
 10.000000;
 0.000000;0.000000;0.000000;;
 0.000000;0.000000;0.000000;;

 TextureFilename {
  "shrinkflower_DM.tga";
 }
}

Frame Root {
 

 FrameTransformMatrix {
  1.000000,0.000000,0.000000,0.000000,0.000000,1.000000,0.000000,0.000000,0.000000,0.000000,1.000000,0.000000,0.000000,0.000000,0.000000,1.000000;;
 }

 Frame RefBox {
  

  FrameTransformMatrix {
   1.000000,0.000000,0.000000,0.000000,0.000000,1.000000,0.000000,0.000000,0.000000,0.000000,1.000000,0.000000,0.000000,0.000000,0.000000,1.000000;;
  }
 }

 Frame Refbox_Align {
  

  FrameTransformMatrix {
   1.000000,0.000000,0.000000,0.000000,0.000000,1.000000,0.000000,0.000000,0.000000,0.000000,1.000000,0.000000,0.000000,0.000000,0.000000,1.000000;;
  }
 }

 Frame Roo {
  

  FrameTransformMatrix {
   1.000000,0.000000,0.000000,0.000000,0.000000,1.000000,0.000000,0.000000,0.000000,0.000000,1.000000,0.000000,0.000000,0.000000,0.000000,1.000000;;
  }

  Frame Dummy02 {
   

   FrameTransformMatrix {
    1.000000,0.000000,0.000000,0.000000,0.000000,1.000000,0.000000,0.000000,0.000000,0.000000,1.000000,0.000000,0.000000,0.000000,0.000000,1.000000;;
   }

   Frame Bone01_Flower_G {
    

    FrameTransformMatrix {
     0.005317,0.368982,0.929422,0.000000,-0.006472,0.929428,-0.368947,0.000000,-0.999965,-0.004053,0.007329,0.000000,-0.001529,0.000000,-0.006116,1.000000;;
    }

    Frame Bone02_Flower_G {
     

     FrameTransformMatrix {
      0.981185,-0.192843,-0.009285,0.000000,0.192834,0.981230,-0.001825,0.000000,0.009463,-0.000000,0.999955,0.000000,0.382312,-0.000000,0.000000,1.000000;;
     }

     Frame Bone03_Flower_G {
      

      FrameTransformMatrix {
       0.948538,-0.316372,-0.013553,0.000000,0.316340,0.948635,-0.004520,0.000000,0.014287,-0.000000,0.999898,0.000000,0.467900,0.000000,0.000000,1.000000;;
      }

      Frame Bone04_Flower_G {
       

       FrameTransformMatrix {
        0.927820,0.372583,0.018239,0.000000,-0.372511,0.927999,-0.007323,0.000000,-0.019655,0.000000,0.999807,0.000000,0.394507,-0.000000,-0.000000,1.000000;;
       }
      }
     }
    }
   }

   Frame Bone01_Flower_A {
    

    FrameTransformMatrix {
     0.928172,0.371855,0.014851,0.000000,-0.371807,0.928291,-0.005949,0.000000,-0.015998,-0.000000,0.999872,0.000000,-0.001529,0.000000,-0.006116,1.000000;;
    }

    Frame Bone02_Flower_A {
     

     FrameTransformMatrix {
      0.978371,-0.206651,-0.009258,0.000000,0.206642,0.978415,-0.001955,0.000000,0.009463,-0.000000,0.999955,0.000000,0.382312,0.000000,0.000000,1.000000;;
     }

     Frame Bone03_Flower_A {
      

      FrameTransformMatrix {
       0.946804,-0.321527,-0.013528,0.000000,0.321494,0.946901,-0.004594,0.000000,0.014287,-0.000000,0.999898,0.000000,0.467900,-0.000000,0.000000,1.000000;;
      }

      Frame Bone04_Flower_A {
       

       FrameTransformMatrix {
        0.888595,0.458360,0.017468,0.000000,-0.458272,0.888766,-0.009009,0.000000,-0.019655,-0.000000,0.999807,0.000000,0.394507,0.000000,-0.000000,1.000000;;
       }
      }
     }
    }
   }

   Frame Bone01_Flower_C {
    

    FrameTransformMatrix {
     0.014581,0.368310,-0.929589,0.000000,0.005123,0.929648,0.368413,0.000000,0.999881,-0.010134,0.011669,0.000000,-0.001529,0.000000,-0.006116,1.000000;;
    }

    Frame Bone02_Flower_C {
     

     FrameTransformMatrix {
      0.980863,-0.194476,-0.009282,0.000000,0.194467,0.980907,-0.001840,0.000000,0.009463,-0.000000,0.999955,0.000000,0.382312,-0.000000,0.000000,1.000000;;
     }

     Frame Bone03_Flower_C {
      

      FrameTransformMatrix {
       0.947219,-0.320301,-0.013534,0.000000,0.320268,0.947316,-0.004576,0.000000,0.014287,-0.000000,0.999898,0.000000,0.467900,0.000000,0.000000,1.000000;;
      }

      Frame Bone04_Flower_C {
       

       FrameTransformMatrix {
        0.858002,0.513370,0.016867,0.000000,-0.513271,0.858168,-0.010090,0.000000,-0.019655,0.000000,0.999807,0.000000,0.394507,0.000000,-0.000000,1.000000;;
       }
      }
     }
    }
   }

   Frame Bone01_Flower_E {
    

    FrameTransformMatrix {
     -0.929712,0.368229,0.006573,0.000000,0.368256,0.929718,0.003498,0.000000,-0.004823,0.005673,-0.999973,0.000000,-0.001529,0.000000,-0.006116,1.000000;;
    }

    Frame Bone02_Flower_E {
     

     FrameTransformMatrix {
      0.978673,-0.205150,0.010654,0.000000,0.205182,0.978722,-0.001942,0.000000,-0.010029,0.004086,0.999942,0.000000,0.382312,0.000000,-0.000000,1.000000;;
     }

     Frame Bone03_Flower_E {
      

      FrameTransformMatrix {
       0.955858,-0.293511,-0.013658,0.000000,0.293481,0.955956,-0.004193,0.000000,0.014287,-0.000000,0.999898,0.000000,0.467900,-0.000000,0.000000,1.000000;;
      }

      Frame Bone04_Flower_E {
       

       FrameTransformMatrix {
        0.911025,0.411962,0.017909,0.000000,-0.411883,0.911201,-0.008097,0.000000,-0.019655,0.000000,0.999807,0.000000,0.394507,-0.000000,-0.000000,1.000000;;
       }
      }
     }
    }
   }
  }

  Frame Dummy01 {
   

   FrameTransformMatrix {
    1.000000,0.000000,0.000000,0.000000,0.000000,1.000000,0.000000,0.000000,0.000000,0.000000,1.000000,0.000000,0.000000,0.000000,0.000000,1.000000;;
   }

   Frame Bone01_Flower_F {
    

    FrameTransformMatrix {
     -0.613719,0.490249,0.618874,0.000000,0.354130,0.871513,-0.339199,0.000000,-0.705649,0.010989,-0.708476,0.000000,-0.001529,0.000000,-0.006116,1.000000;;
    }

    Frame Bone02_Flower_F {
     

     FrameTransformMatrix {
      0.962014,-0.272848,-0.009104,0.000000,0.272836,0.962057,-0.002582,0.000000,0.009463,0.000000,0.999955,0.000000,0.382312,0.000000,-0.000000,1.000000;;
     }

     Frame Bone03_Flower_F {
      

      FrameTransformMatrix {
       0.959929,-0.279958,-0.012673,0.000000,0.280242,0.959137,0.038992,0.000000,0.001239,-0.040981,0.999159,0.000000,0.467900,-0.000000,0.000000,1.000000;;
      }

      Frame Bone04_Flower_F {
       

       FrameTransformMatrix {
        0.889883,0.455854,0.017494,0.000000,-0.455766,0.890055,-0.008960,0.000000,-0.019655,0.000000,0.999807,0.000000,0.394507,0.000000,0.000000,1.000000;;
       }
      }
     }
    }
   }

   Frame Bone01_Flower_H {
    

    FrameTransformMatrix {
     -0.620237,-0.474942,-0.624288,0.000000,0.331834,-0.880010,0.339808,0.000000,-0.710769,0.003602,0.703417,0.000000,-0.001529,0.000000,-0.006116,1.000000;;
    }

    Frame Bone02_Flower_H {
     

     FrameTransformMatrix {
      0.970787,-0.239769,-0.009187,0.000000,0.239758,0.970830,-0.002269,0.000000,0.009463,-0.000000,0.999955,0.000000,-0.382312,0.000000,-0.000000,1.000000;;
     }

     Frame Bone03_Flower_H {
      

      FrameTransformMatrix {
       0.954485,-0.297947,-0.013638,0.000000,0.297917,0.954582,-0.004257,0.000000,0.014287,0.000000,0.999898,0.000000,-0.467900,0.000000,-0.000000,1.000000;;
      }

      Frame Bone04_Flower_H {
       

       FrameTransformMatrix {
        0.907696,0.419249,0.017844,0.000000,-0.419168,0.907871,-0.008240,0.000000,-0.019655,-0.000000,0.999807,0.000000,-0.394507,-0.000000,0.000000,1.000000;;
       }
      }
     }
    }
   }

   Frame Bone01_Flower_B {
    

    FrameTransformMatrix {
     0.628357,0.485576,-0.607769,0.000000,-0.339200,0.874108,0.347676,0.000000,0.700079,-0.012310,0.713959,0.000000,-0.001529,0.000000,-0.006116,1.000000;;
    }

    Frame Bone02_Flower_B {
     

     FrameTransformMatrix {
      0.967636,-0.252183,-0.009157,0.000000,0.252172,0.967680,-0.002386,0.000000,0.009463,-0.000000,0.999955,0.000000,0.382312,-0.000000,0.000000,1.000000;;
     }

     Frame Bone03_Flower_B {
      

      FrameTransformMatrix {
       0.952223,-0.305099,-0.013606,0.000000,0.305068,0.952321,-0.004359,0.000000,0.014287,0.000000,0.999898,0.000000,0.467900,-0.000000,0.000000,1.000000;;
      }

      Frame Bone04_Flower_B {
       

       FrameTransformMatrix {
        0.904429,0.426253,0.017780,0.000000,-0.426171,0.904604,-0.008378,0.000000,-0.019655,0.000000,0.999807,0.000000,0.394507,0.000000,-0.000000,1.000000;;
       }
      }
     }
    }
   }

   Frame Bone01_Flower_D {
    

    FrameTransformMatrix {
     -0.590053,0.496959,-0.636293,0.000000,0.424223,0.861388,0.279368,0.000000,0.686929,-0.105089,-0.719086,0.000000,-0.001529,0.000000,-0.006116,1.000000;;
    }

    Frame Bone02_Flower_D {
     

     FrameTransformMatrix {
      0.962014,-0.272848,-0.009104,0.000000,0.272836,0.962057,-0.002582,0.000000,0.009463,-0.000000,0.999955,0.000000,0.382312,0.000000,-0.000000,1.000000;;
     }

     Frame Bone03_Flower_D {
      

      FrameTransformMatrix {
       0.952850,-0.303136,-0.013615,0.000000,0.303105,0.952947,-0.004331,0.000000,0.014287,0.000000,0.999898,0.000000,0.467900,0.000000,0.000000,1.000000;;
      }

      Frame Bone04_Flower_D {
       

       FrameTransformMatrix {
        0.889161,0.457260,0.017479,0.000000,-0.457172,0.889333,-0.008987,0.000000,-0.019655,0.000000,0.999807,0.000000,0.394507,0.000000,-0.000000,1.000000;;
       }
      }
     }
    }
   }
  }

  Frame Dummy03 {
   

   FrameTransformMatrix {
    1.000000,0.000000,0.000000,0.000000,0.000000,1.000000,0.000000,0.000000,0.000000,0.000000,1.000000,0.000000,0.000000,0.000000,0.000000,1.000000;;
   }

   Frame Bone01_Flower_Hand_L {
    

    FrameTransformMatrix {
     -0.176381,0.983849,0.030521,0.000000,-0.005189,0.030078,-0.999534,0.000000,-0.984308,-0.176457,-0.000200,0.000000,-0.004963,-0.004682,0.000000,1.000000;;
    }

    Frame Bone02_Flower_Hand_L {
     

     FrameTransformMatrix {
      1.000000,0.000000,-0.000005,0.000000,-0.000000,1.000000,-0.000000,0.000000,0.000005,0.000000,1.000000,0.000000,0.363312,0.000000,-0.000000,1.000000;;
     }

     Frame Bone03_Flower_Hand_L {
      

      FrameTransformMatrix {
       0.999816,-0.000000,0.019171,0.000000,0.000000,1.000000,0.000000,0.000000,-0.019171,-0.000000,0.999816,0.000000,0.356626,0.000000,0.000000,1.000000;;
      }

      Frame Bone04_Flower_Hand_L {
       

       FrameTransformMatrix {
        0.918345,0.386891,-0.083414,0.000000,-0.385305,0.922125,0.034998,0.000000,0.090458,-0.000000,0.995900,0.000000,0.173816,0.000000,-0.000000,1.000000;;
       }
      }
     }
    }
   }

   Frame Bone01_Flower_Hand_R {
    

    FrameTransformMatrix {
     0.122436,0.983917,-0.130061,0.000000,-0.014406,-0.129272,-0.991505,0.000000,-0.992372,0.123270,-0.001653,0.000000,0.001147,-0.006609,0.000000,1.000000;;
    }

    Frame Bone02_Flower_Hand_R {
     

     FrameTransformMatrix {
      0.990313,0.000000,0.138855,0.000000,-0.000000,1.000000,0.000000,0.000000,-0.138855,-0.000000,0.990313,0.000000,0.366368,-0.000000,0.000000,1.000000;;
     }

     Frame Bone03_Flower_Hand_R {
      

      FrameTransformMatrix {
       0.996458,0.014154,-0.082889,0.000000,0.055449,0.630453,0.774245,0.000000,0.063216,-0.776099,0.627435,0.000000,0.353573,-0.000000,-0.000000,1.000000;;
      }

      Frame Bone04_Flower_Hand_R {
       

       FrameTransformMatrix {
        0.742548,-0.000001,0.669793,0.000000,-0.000000,1.000000,0.000002,0.000000,-0.669793,-0.000001,0.742548,0.000000,0.212534,0.000000,-0.000000,1.000000;;
       }
      }
     }
    }
   }
  }
 }
}

Frame SK_ShrinkFlower {
 

 FrameTransformMatrix {
  1.000000,0.000000,0.000000,0.000000,0.000000,1.000000,0.000000,0.000000,0.000000,0.000000,1.000000,0.000000,0.000000,0.000000,0.000000,1.000000;;
 }

 Mesh SK_ShrinkFlower {
  6202;
  -0.173182;0.827583;0.038310;,
  -0.180940;0.822195;0.066213;,
  -0.173352;0.824864;0.042806;,
  1.251839;0.172295;-0.044247;,
  1.348798;0.185015;0.026861;,
  1.348797;0.185019;-0.026711;,
  1.348798;0.185015;0.026861;,
  1.251839;0.172295;-0.044247;,
  1.251839;0.172290;0.048276;,
  1.251839;0.172290;0.048276;,
  1.337526;0.176461;0.077485;,
  1.348798;0.185015;0.026861;,
  1.337526;0.176461;0.077485;,
  1.251839;0.172290;0.048276;,
  1.229452;0.152927;0.136054;,
  1.147700;0.168100;0.068106;,
  1.229452;0.152927;0.136054;,
  1.251839;0.172290;0.048276;,
  1.251839;0.172295;-0.044247;,
  1.147700;0.168100;0.068106;,
  1.251839;0.172290;0.048276;,
  1.147700;0.168100;0.068106;,
  1.251839;0.172295;-0.044247;,
  1.147700;0.168100;-0.063894;,
  1.147700;0.168100;-0.063894;,
  1.229452;0.152927;-0.132041;,
  1.113877;0.148513;-0.150280;,
  1.229452;0.152927;-0.132041;,
  1.147700;0.168100;-0.063894;,
  1.251839;0.172295;-0.044247;,
  1.251839;0.172295;-0.044247;,
  1.337526;0.176461;-0.077351;,
  1.229452;0.152927;-0.132041;,
  1.337526;0.176461;-0.077351;,
  1.251839;0.172295;-0.044247;,
  1.348797;0.185019;-0.026711;,
  1.439051;0.250570;-0.029670;,
  1.337526;0.176461;-0.077351;,
  1.348797;0.185019;-0.026711;,
  1.439051;0.250570;-0.029670;,
  1.348797;0.185019;-0.026711;,
  1.458312;0.250570;-0.010056;,
  1.348797;0.185019;-0.026711;,
  1.467164;0.250570;0.001176;,
  1.458312;0.250570;-0.010056;,
  1.467164;0.250570;0.001176;,
  1.348797;0.185019;-0.026711;,
  1.348798;0.185015;0.026861;,
  1.348798;0.185015;0.026861;,
  1.439051;0.250570;0.029804;,
  1.467164;0.250570;0.001176;,
  1.348798;0.185015;0.026861;,
  1.337526;0.176461;0.077485;,
  1.439051;0.250570;0.029804;,
  1.102451;0.141635;-0.180223;,
  1.206007;0.157061;-0.200858;,
  1.098294;0.144057;-0.210309;,
  1.206007;0.157061;-0.200858;,
  1.102451;0.141635;-0.180223;,
  1.229452;0.152927;-0.132041;,
  1.229452;0.152927;-0.132041;,
  1.327558;0.178218;-0.118861;,
  1.206007;0.157061;-0.200858;,
  1.327558;0.178218;-0.118861;,
  1.229452;0.152927;-0.132041;,
  1.337526;0.176461;-0.077351;,
  1.439051;0.250570;-0.029670;,
  1.327558;0.178218;-0.118861;,
  1.337526;0.176461;-0.077351;,
  1.206007;0.157061;-0.200858;,
  1.070113;0.168334;-0.253152;,
  1.098294;0.144057;-0.210309;,
  1.070113;0.168334;-0.253152;,
  0.941943;0.181941;-0.228094;,
  1.098294;0.144057;-0.210309;,
  0.941943;0.181941;-0.228094;,
  1.070113;0.168334;-0.253152;,
  0.913558;0.202198;-0.263426;,
  0.913558;0.202198;-0.263426;,
  0.783387;0.207317;-0.245879;,
  0.941943;0.181941;-0.228094;,
  0.783387;0.207317;-0.245879;,
  0.913558;0.202198;-0.263426;,
  0.754798;0.223555;-0.273700;,
  0.505124;0.240449;-0.253596;,
  0.783387;0.207317;-0.245879;,
  0.754798;0.223555;-0.273700;,
  0.335364;0.177042;-0.158275;,
  0.396266;0.232457;-0.227841;,
  0.283757;0.192393;-0.202085;,
  0.396266;0.232457;-0.227841;,
  0.335364;0.177042;-0.158275;,
  0.442942;0.208062;-0.190640;,
  0.442942;0.208062;-0.190640;,
  0.505124;0.240449;-0.253596;,
  0.396266;0.232457;-0.227841;,
  0.505124;0.240449;-0.253596;,
  0.442942;0.208062;-0.190640;,
  0.546868;0.218376;-0.223005;,
  0.783387;0.207317;-0.245879;,
  0.505124;0.240449;-0.253596;,
  0.546868;0.218376;-0.223005;,
  0.546868;0.218376;-0.223005;,
  0.803237;0.207602;-0.218616;,
  0.783387;0.207317;-0.245879;,
  0.803237;0.207602;-0.218616;,
  0.941943;0.181941;-0.228094;,
  0.783387;0.207317;-0.245879;,
  0.941943;0.181941;-0.228094;,
  0.803237;0.207602;-0.218616;,
  0.953947;0.180872;-0.199419;,
  0.953947;0.180872;-0.199419;,
  1.098294;0.144057;-0.210309;,
  0.941943;0.181941;-0.228094;,
  1.098294;0.144057;-0.210309;,
  0.953947;0.180872;-0.199419;,
  1.102451;0.141635;-0.180223;,
  1.102451;0.141635;-0.180223;,
  1.113877;0.148513;-0.150280;,
  1.229452;0.152927;-0.132041;,
  1.102451;0.141635;-0.180223;,
  0.967421;0.190952;-0.162968;,
  1.113877;0.148513;-0.150280;,
  0.967421;0.190952;-0.162968;,
  1.102451;0.141635;-0.180223;,
  0.953947;0.180872;-0.199419;,
  0.953947;0.180872;-0.199419;,
  0.818760;0.220884;-0.175656;,
  0.967421;0.190952;-0.162968;,
  0.818760;0.220884;-0.175656;,
  0.953947;0.180872;-0.199419;,
  0.803237;0.207602;-0.218616;,
  0.571865;0.215615;-0.198572;,
  0.818760;0.220884;-0.175656;,
  0.803237;0.207602;-0.218616;,
  0.803237;0.207602;-0.218616;,
  0.546868;0.218376;-0.223005;,
  0.571865;0.215615;-0.198572;,
  0.442942;0.208062;-0.190640;,
  0.571865;0.215615;-0.198572;,
  0.546868;0.218376;-0.223005;,
  0.571865;0.215615;-0.198572;,
  0.442942;0.208062;-0.190640;,
  0.462640;0.202112;-0.157607;,
  0.335364;0.177042;-0.158275;,
  0.462640;0.202112;-0.157607;,
  0.442942;0.208062;-0.190640;,
  0.818760;0.220884;-0.175656;,
  0.571865;0.215615;-0.198572;,
  0.588624;0.225587;-0.150276;,
  0.571865;0.215615;-0.198572;,
  0.471020;0.207098;-0.133459;,
  0.588624;0.225587;-0.150276;,
  0.571865;0.215615;-0.198572;,
  0.462640;0.202112;-0.157607;,
  0.349765;0.167904;-0.116642;,
  0.471020;0.207098;-0.133459;,
  0.462640;0.202112;-0.157607;,
  0.370098;0.167360;-0.067011;,
  0.471020;0.207098;-0.133459;,
  0.349765;0.167904;-0.116642;,
  0.471020;0.207098;-0.133459;,
  0.370098;0.167360;-0.067011;,
  0.496502;0.208319;-0.083875;,
  0.496502;0.208319;-0.083875;,
  0.588624;0.225587;-0.150276;,
  0.471020;0.207098;-0.133459;,
  0.588624;0.225587;-0.150276;,
  0.496502;0.208319;-0.083875;,
  0.619255;0.228574;-0.100739;,
  0.588624;0.225587;-0.150276;,
  0.619255;0.228574;-0.100739;,
  0.818760;0.220884;-0.175656;,
  0.619255;0.228574;-0.100739;,
  0.856275;0.226374;-0.083445;,
  0.818760;0.220884;-0.175656;,
  0.856275;0.226374;-0.083445;,
  0.967421;0.190952;-0.162968;,
  0.818760;0.220884;-0.175656;,
  0.967421;0.190952;-0.162968;,
  0.856275;0.226374;-0.083445;,
  1.003090;0.203491;-0.073669;,
  1.003090;0.203491;-0.073669;,
  1.113877;0.148513;-0.150280;,
  0.967421;0.190952;-0.162968;,
  1.113877;0.148513;-0.150280;,
  1.003090;0.203491;-0.073669;,
  1.147700;0.168100;-0.063894;,
  0.370098;0.167344;0.066906;,
  0.513105;0.192731;0.033755;,
  0.384700;0.152210;0.021844;,
  0.513105;0.192734;-0.033740;,
  0.384700;0.152210;0.021844;,
  0.513105;0.192731;0.033755;,
  0.637859;0.212548;0.045666;,
  0.513105;0.192734;-0.033740;,
  0.513105;0.192731;0.033755;,
  0.513105;0.192734;-0.033740;,
  0.637859;0.212548;0.045666;,
  0.637859;0.212547;-0.045531;,
  0.637859;0.212548;0.045666;,
  0.856275;0.226374;-0.083445;,
  0.637859;0.212547;-0.045531;,
  0.619255;0.228574;-0.100739;,
  0.637859;0.212547;-0.045531;,
  0.856275;0.226374;-0.083445;,
  0.496502;0.208319;-0.083875;,
  0.637859;0.212547;-0.045531;,
  0.619255;0.228574;-0.100739;,
  0.637859;0.212547;-0.045531;,
  0.496502;0.208319;-0.083875;,
  0.513105;0.192734;-0.033740;,
  0.370098;0.167360;-0.067011;,
  0.513105;0.192734;-0.033740;,
  0.496502;0.208319;-0.083875;,
  0.513105;0.192734;-0.033740;,
  0.370098;0.167360;-0.067011;,
  0.384700;0.152215;-0.021949;,
  0.370098;0.167360;-0.067011;,
  0.244069;0.109391;-0.009633;,
  0.384700;0.152215;-0.021949;,
  0.244069;0.109391;-0.009633;,
  0.384700;0.152210;0.021844;,
  0.384700;0.152215;-0.021949;,
  0.384700;0.152210;0.021844;,
  0.244069;0.109391;-0.009633;,
  0.244069;0.109389;0.009652;,
  0.384700;0.152210;0.021844;,
  0.513105;0.192734;-0.033740;,
  0.384700;0.152215;-0.021949;,
  0.462640;0.202112;-0.157607;,
  0.335364;0.177042;-0.158275;,
  0.349765;0.167904;-0.116642;,
  0.215191;0.127622;-0.088280;,
  0.349765;0.167904;-0.116642;,
  0.335364;0.177042;-0.158275;,
  0.215191;0.127622;-0.088280;,
  0.370098;0.167360;-0.067011;,
  0.349765;0.167904;-0.116642;,
  0.370098;0.167360;-0.067011;,
  0.215191;0.127622;-0.088280;,
  0.227315;0.125370;-0.057258;,
  0.244069;0.109391;-0.009633;,
  0.370098;0.167360;-0.067011;,
  0.227315;0.125370;-0.057258;,
  0.227315;0.125370;-0.057258;,
  0.151157;0.060466;0.000066;,
  0.244069;0.109391;-0.009633;,
  0.151157;0.060466;0.000066;,
  0.244069;0.109389;0.009652;,
  0.244069;0.109391;-0.009633;,
  0.151157;0.060466;0.000066;,
  0.227315;0.125363;0.057278;,
  0.244069;0.109389;0.009652;,
  0.370098;0.167344;0.066906;,
  0.244069;0.109389;0.009652;,
  0.227315;0.125363;0.057278;,
  0.244069;0.109389;0.009652;,
  0.370098;0.167344;0.066906;,
  0.384700;0.152210;0.021844;,
  0.126453;0.081246;-0.050168;,
  0.227315;0.125370;-0.057258;,
  0.215191;0.127622;-0.088280;,
  0.151157;0.060466;0.000066;,
  0.227315;0.125370;-0.057258;,
  0.126453;0.081246;-0.050168;,
  0.227315;0.125363;0.057278;,
  0.151157;0.060466;0.000066;,
  0.126453;0.081246;0.050302;,
  0.151157;0.060466;0.000066;,
  0.036141;0.019299;0.032108;,
  0.126453;0.081246;0.050302;,
  0.036141;0.019299;0.032108;,
  0.151157;0.060466;0.000066;,
  0.058279;-0.003544;0.000067;,
  0.151157;0.060466;0.000066;,
  0.036141;0.019299;-0.031974;,
  0.058279;-0.003544;0.000067;,
  0.036141;0.019299;-0.031974;,
  0.151157;0.060466;0.000066;,
  0.126453;0.081246;-0.050168;,
  0.112047;0.094252;-0.088703;,
  0.036141;0.019299;-0.031974;,
  0.126453;0.081246;-0.050168;,
  0.215191;0.127622;-0.088280;,
  0.112047;0.094252;-0.088703;,
  0.126453;0.081246;-0.050168;,
  0.112047;0.094252;-0.088703;,
  0.215191;0.127622;-0.088280;,
  0.163927;0.131767;-0.125366;,
  0.335364;0.177042;-0.158275;,
  0.163927;0.131767;-0.125366;,
  0.215191;0.127622;-0.088280;,
  0.163927;0.131767;-0.125366;,
  0.335364;0.177042;-0.158275;,
  0.283757;0.192393;-0.202085;,
  0.505124;0.240449;0.253729;,
  0.442942;0.208082;0.191223;,
  0.396266;0.232486;0.228213;,
  0.335365;0.177009;0.158221;,
  0.396266;0.232486;0.228213;,
  0.442942;0.208082;0.191223;,
  0.462637;0.202102;0.158151;,
  0.335365;0.177009;0.158221;,
  0.442942;0.208082;0.191223;,
  0.335365;0.177009;0.158221;,
  0.462637;0.202102;0.158151;,
  0.349758;0.167875;0.116543;,
  0.335365;0.177009;0.158221;,
  0.349758;0.167875;0.116543;,
  0.215190;0.127608;0.088312;,
  0.163927;0.129641;0.125700;,
  0.335365;0.177009;0.158221;,
  0.215190;0.127608;0.088312;,
  0.215190;0.127608;0.088312;,
  0.112047;0.094252;0.088836;,
  0.163927;0.129641;0.125700;,
  0.112047;0.094252;0.088836;,
  0.215190;0.127608;0.088312;,
  0.126453;0.081246;0.050302;,
  0.036141;0.019299;0.032108;,
  0.112047;0.094252;0.088836;,
  0.126453;0.081246;0.050302;,
  0.396266;0.232486;0.228213;,
  0.335365;0.177009;0.158221;,
  0.283757;0.190300;0.202696;,
  0.335365;0.177009;0.158221;,
  0.163927;0.129641;0.125700;,
  0.283757;0.190300;0.202696;,
  0.505124;0.240449;0.253729;,
  0.783387;0.207363;0.247067;,
  0.546868;0.218449;0.224225;,
  0.442942;0.208082;0.191223;,
  0.505124;0.240449;0.253729;,
  0.546868;0.218449;0.224225;,
  0.571865;0.215623;0.199759;,
  0.442942;0.208082;0.191223;,
  0.546868;0.218449;0.224225;,
  0.442942;0.208082;0.191223;,
  0.571865;0.215623;0.199759;,
  0.462637;0.202102;0.158151;,
  0.571865;0.215623;0.199759;,
  0.471017;0.207084;0.134012;,
  0.462637;0.202102;0.158151;,
  0.471017;0.207084;0.134012;,
  0.349758;0.167875;0.116543;,
  0.462637;0.202102;0.158151;,
  0.471017;0.207084;0.134012;,
  0.370098;0.167344;0.066906;,
  0.349758;0.167875;0.116543;,
  0.370098;0.167344;0.066906;,
  0.215190;0.127608;0.088312;,
  0.349758;0.167875;0.116543;,
  0.215190;0.127608;0.088312;,
  0.370098;0.167344;0.066906;,
  0.227315;0.125363;0.057278;,
  0.126453;0.081246;0.050302;,
  0.215190;0.127608;0.088312;,
  0.227315;0.125363;0.057278;,
  0.942605;0.182065;0.231025;,
  0.803237;0.207602;0.219819;,
  0.783387;0.207363;0.247067;,
  0.571865;0.215623;0.199759;,
  0.783387;0.207363;0.247067;,
  0.803237;0.207602;0.219819;,
  0.783387;0.207363;0.247067;,
  0.571865;0.215623;0.199759;,
  0.546868;0.218449;0.224225;,
  1.327559;0.178218;0.118994;,
  1.439051;0.250570;0.029804;,
  1.337526;0.176461;0.077485;,
  1.229452;0.152927;0.136054;,
  1.327559;0.178218;0.118994;,
  1.337526;0.176461;0.077485;,
  1.327559;0.178218;0.118994;,
  1.229452;0.152927;0.136054;,
  1.206007;0.157061;0.200992;,
  1.229452;0.152927;0.136054;,
  1.099618;0.144259;0.214983;,
  1.206007;0.157061;0.200992;,
  1.070113;0.168334;0.253286;,
  1.206007;0.157061;0.200992;,
  1.099618;0.144259;0.214983;,
  0.942605;0.182065;0.231025;,
  1.070113;0.168334;0.253286;,
  1.099618;0.144259;0.214983;,
  1.070113;0.168334;0.253286;,
  0.942605;0.182065;0.231025;,
  0.913559;0.202199;0.263560;,
  0.783387;0.207363;0.247067;,
  0.913559;0.202199;0.263560;,
  0.942605;0.182065;0.231025;,
  0.913559;0.202199;0.263560;,
  0.783387;0.207363;0.247067;,
  0.754798;0.223555;0.273833;,
  0.783387;0.207363;0.247067;,
  0.505124;0.240449;0.253729;,
  0.754798;0.223555;0.273833;,
  0.818760;0.220884;0.176859;,
  0.954587;0.180627;0.202396;,
  0.967422;0.190952;0.164171;,
  1.103732;0.141145;0.184973;,
  0.967422;0.190952;0.164171;,
  0.954587;0.180627;0.202396;,
  0.954587;0.180627;0.202396;,
  1.099618;0.144259;0.214983;,
  1.103732;0.141145;0.184973;,
  1.099618;0.144259;0.214983;,
  1.229452;0.152927;0.136054;,
  1.103732;0.141145;0.184973;,
  1.229452;0.152927;0.136054;,
  1.113878;0.148513;0.151483;,
  1.103732;0.141145;0.184973;,
  1.229452;0.152927;0.136054;,
  1.147700;0.168100;0.068106;,
  1.113878;0.148513;0.151483;,
  1.003090;0.203491;0.075842;,
  1.113878;0.148513;0.151483;,
  1.147700;0.168100;0.068106;,
  1.147700;0.168100;-0.063894;,
  1.003090;0.203491;0.075842;,
  1.147700;0.168100;0.068106;,
  1.003090;0.203491;-0.073669;,
  1.003090;0.203491;-0.073669;,
  0.856275;0.226374;0.083579;,
  1.003090;0.203491;0.075842;,
  0.967422;0.190952;0.164171;,
  1.103732;0.141145;0.184973;,
  1.113878;0.148513;0.151483;,
  1.113878;0.148513;0.151483;,
  1.003090;0.203491;0.075842;,
  0.967422;0.190952;0.164171;,
  0.856275;0.226374;0.083579;,
  0.967422;0.190952;0.164171;,
  1.003090;0.203491;0.075842;,
  0.967422;0.190952;0.164171;,
  0.856275;0.226374;0.083579;,
  0.818760;0.220884;0.176859;,
  0.619256;0.228574;0.100873;,
  0.818760;0.220884;0.176859;,
  0.856275;0.226374;0.083579;,
  0.619256;0.228574;0.100873;,
  0.588625;0.225587;0.151480;,
  0.818760;0.220884;0.176859;,
  0.856275;0.226374;-0.083445;,
  0.856275;0.226374;-0.083445;,
  0.637859;0.212548;0.045666;,
  0.856275;0.226374;0.083579;,
  0.637859;0.212548;0.045666;,
  0.619256;0.228574;0.100873;,
  0.856275;0.226374;0.083579;,
  0.637859;0.212548;0.045666;,
  0.496502;0.208312;0.083889;,
  0.619256;0.228574;0.100873;,
  0.496502;0.208312;0.083889;,
  0.588625;0.225587;0.151480;,
  0.619256;0.228574;0.100873;,
  0.588625;0.225587;0.151480;,
  0.496502;0.208312;0.083889;,
  0.471017;0.207084;0.134012;,
  0.471017;0.207084;0.134012;,
  0.571865;0.215623;0.199759;,
  0.588625;0.225587;0.151480;,
  0.571865;0.215623;0.199759;,
  0.818760;0.220884;0.176859;,
  0.588625;0.225587;0.151480;,
  0.818760;0.220884;0.176859;,
  0.571865;0.215623;0.199759;,
  0.803237;0.207602;0.219819;,
  0.954587;0.180627;0.202396;,
  0.818760;0.220884;0.176859;,
  0.803237;0.207602;0.219819;,
  0.803237;0.207602;0.219819;,
  0.942605;0.182065;0.231025;,
  0.954587;0.180627;0.202396;,
  1.099618;0.144259;0.214983;,
  0.954587;0.180627;0.202396;,
  0.942605;0.182065;0.231025;,
  0.370098;0.167344;0.066906;,
  0.471017;0.207084;0.134012;,
  0.496502;0.208312;0.083889;,
  0.513105;0.192731;0.033755;,
  0.370098;0.167344;0.066906;,
  0.496502;0.208312;0.083889;,
  0.496502;0.208312;0.083889;,
  0.637859;0.212548;0.045666;,
  0.513105;0.192731;0.033755;,
  0.127775;0.680489;-0.087795;,
  0.120279;0.677933;-0.076471;,
  0.126147;0.675710;-0.087095;,
  0.120279;0.677933;-0.076471;,
  0.127775;0.680489;-0.087795;,
  0.121654;0.682752;-0.076803;,
  0.151597;0.730316;-0.095578;,
  0.121654;0.682752;-0.076803;,
  0.127775;0.680489;-0.087795;,
  0.121654;0.682752;-0.076803;,
  0.151597;0.730316;-0.095578;,
  0.141081;0.733975;-0.078186;,
  0.188274;0.791235;-0.112632;,
  0.141081;0.733975;-0.078186;,
  0.151597;0.730316;-0.095578;,
  0.141081;0.733975;-0.078186;,
  0.188274;0.791235;-0.112632;,
  0.178332;0.794696;-0.093265;,
  0.164439;0.797531;-0.085785;,
  0.141081;0.733975;-0.078186;,
  0.178332;0.794696;-0.093265;,
  0.141081;0.733975;-0.078186;,
  0.126614;0.737105;-0.071268;,
  0.121654;0.682752;-0.076803;,
  0.141081;0.733975;-0.078186;,
  0.121654;0.682752;-0.076803;,
  0.111438;0.685498;-0.069994;,
  0.110219;0.680256;-0.069714;,
  0.121654;0.682752;-0.076803;,
  0.121654;0.682752;-0.076803;,
  0.120279;0.677933;-0.076471;,
  0.127775;0.680489;-0.087795;,
  0.145806;0.729595;-0.109985;,
  0.151597;0.730316;-0.095578;,
  0.187770;0.790726;-0.113026;,
  0.151597;0.730316;-0.095578;,
  0.145806;0.729595;-0.109985;,
  0.151597;0.730316;-0.095578;,
  0.187770;0.790726;-0.113026;,
  0.188274;0.791235;-0.112632;,
  0.190095;0.795646;-0.113603;,
  0.188274;0.791235;-0.112632;,
  0.187770;0.790726;-0.113026;,
  0.190095;0.795646;-0.113603;,
  0.178332;0.794696;-0.093265;,
  0.188274;0.791235;-0.112632;,
  0.178332;0.794696;-0.093265;,
  0.190095;0.795646;-0.113603;,
  0.180504;0.799173;-0.094259;,
  0.180504;0.799173;-0.094259;,
  0.178332;0.794696;-0.093265;,
  0.180504;0.799173;-0.094259;,
  0.166837;0.802443;-0.087037;,
  0.180504;0.799173;-0.094259;,
  0.178462;0.834755;-0.095712;,
  0.180504;0.799173;-0.094259;,
  0.195390;0.838448;-0.102133;,
  0.187770;0.790726;-0.113026;,
  0.175089;0.795873;-0.129181;,
  0.190095;0.795646;-0.113603;,
  0.188813;0.847511;-0.135274;,
  0.190095;0.795646;-0.113603;,
  0.175089;0.795873;-0.129181;,
  0.190095;0.795646;-0.113603;,
  0.203578;0.843807;-0.122173;,
  0.189959;0.852837;-0.134993;,
  0.203578;0.843807;-0.122173;,
  0.203578;0.843807;-0.122173;,
  0.180504;0.799173;-0.094259;,
  0.190095;0.795646;-0.113603;,
  0.180504;0.799173;-0.094259;,
  0.203578;0.843807;-0.122173;,
  0.195390;0.838448;-0.102133;,
  0.204241;0.849074;-0.122439;,
  0.195390;0.838448;-0.102133;,
  0.203578;0.843807;-0.122173;,
  0.203578;0.843807;-0.122173;,
  0.204241;0.849074;-0.122439;,
  0.201872;0.927365;-0.117101;,
  0.204241;0.849074;-0.122439;,
  0.192788;0.927594;-0.125444;,
  0.201872;0.927365;-0.117101;,
  0.191877;0.931712;-0.123955;,
  0.201872;0.927365;-0.117101;,
  0.176251;0.923012;-0.119596;,
  0.191877;0.931712;-0.123955;,
  0.176984;0.918832;-0.121007;,
  0.189661;0.852862;-0.135265;,
  0.196492;0.843766;-0.102565;,
  0.195390;0.838448;-0.102133;,
  0.195390;0.838448;-0.102133;,
  0.204241;0.849074;-0.122439;,
  0.196492;0.843766;-0.102565;,
  0.202360;0.927348;-0.116661;,
  0.196492;0.843766;-0.102565;,
  0.204241;0.849074;-0.122439;,
  0.204241;0.849074;-0.122439;,
  0.201872;0.927365;-0.117101;,
  0.202360;0.927348;-0.116661;,
  0.201261;0.931422;-0.115367;,
  0.202360;0.927348;-0.116661;,
  0.201872;0.927365;-0.117101;,
  0.201872;0.927365;-0.117101;,
  0.191877;0.931712;-0.123955;,
  0.201261;0.931422;-0.115367;,
  0.152625;0.986414;-0.080443;,
  0.201261;0.931422;-0.115367;,
  0.191877;0.931712;-0.123955;,
  0.152625;0.986414;-0.080443;,
  0.191877;0.931712;-0.123955;,
  0.152625;0.986414;-0.080443;,
  0.141454;0.975568;-0.075295;,
  0.152625;0.986414;-0.080443;,
  0.138373;0.982247;-0.062495;,
  0.146437;0.981938;-0.055067;,
  0.152625;0.986414;-0.080443;,
  0.152625;0.986414;-0.080443;,
  0.160926;0.986108;-0.072596;,
  0.160926;0.986108;-0.072596;,
  0.158567;0.972686;-0.062450;,
  0.198600;0.922301;-0.098981;,
  0.160926;0.986108;-0.072596;,
  0.158567;0.972686;-0.062450;,
  0.158567;0.972686;-0.062450;,
  0.182216;0.913638;-0.095365;,
  0.198600;0.922301;-0.098981;,
  0.183075;0.909332;-0.096434;,
  0.198600;0.922301;-0.098981;,
  0.198600;0.922301;-0.098981;,
  0.199631;0.918110;-0.100117;,
  0.196492;0.843766;-0.102565;,
  0.199631;0.918110;-0.100117;,
  0.196492;0.843766;-0.102565;,
  0.202360;0.927348;-0.116661;,
  0.199631;0.918110;-0.100117;,
  0.201261;0.931422;-0.115367;,
  0.199631;0.918110;-0.100117;,
  0.202360;0.927348;-0.116661;,
  0.199631;0.918110;-0.100117;,
  0.201261;0.931422;-0.115367;,
  0.198600;0.922301;-0.098981;,
  0.160926;0.986108;-0.072596;,
  0.198600;0.922301;-0.098981;,
  0.201261;0.931422;-0.115367;,
  0.201261;0.931422;-0.115367;,
  0.152625;0.986414;-0.080443;,
  0.160926;0.986108;-0.072596;,
  0.158567;0.972686;-0.062450;,
  0.152890;0.958738;-0.064005;,
  0.158567;0.972686;-0.062450;,
  0.196492;0.843766;-0.102565;,
  0.179548;0.840122;-0.096418;,
  0.196492;0.843766;-0.102565;,
  -0.000027;-0.020123;0.002559;,
  0.032304;0.155462;-0.011558;,
  0.002414;-0.019050;0.013991;,
  0.032304;0.155462;-0.011558;,
  -0.000027;-0.020123;0.002559;,
  0.029718;0.154345;-0.023692;,
  0.029718;0.154345;-0.023692;,
  0.046634;0.242795;-0.024427;,
  0.032304;0.155462;-0.011558;,
  0.046634;0.242795;-0.024427;,
  0.029718;0.154345;-0.023692;,
  0.044109;0.241725;-0.036293;,
  0.044109;0.241725;-0.036293;,
  0.060965;0.330129;-0.037297;,
  0.046634;0.242795;-0.024427;,
  0.060965;0.330129;-0.037297;,
  0.044109;0.241725;-0.036293;,
  0.058500;0.329104;-0.048894;,
  0.058500;0.329104;-0.048894;,
  0.074818;0.417524;-0.050240;,
  0.060965;0.330129;-0.037297;,
  0.044109;0.241725;-0.036293;,
  0.046788;0.330574;-0.050403;,
  0.058500;0.329104;-0.048894;,
  0.046788;0.330574;-0.050403;,
  0.044109;0.241725;-0.036293;,
  0.032126;0.243251;-0.037841;,
  0.029718;0.154345;-0.023692;,
  0.032126;0.243251;-0.037841;,
  0.044109;0.241725;-0.036293;,
  0.032126;0.243251;-0.037841;,
  0.029718;0.154345;-0.023692;,
  0.017464;0.155927;-0.025278;,
  -0.000027;-0.020123;0.002559;,
  0.017464;0.155927;-0.025278;,
  0.029718;0.154345;-0.023692;,
  0.017464;0.155927;-0.025278;,
  -0.000027;-0.020123;0.002559;,
  -0.011571;-0.018611;0.001062;,
  0.011010;0.157435;-0.020942;,
  -0.011571;-0.018611;0.001062;,
  -0.017652;-0.017191;0.005148;,
  -0.011571;-0.018611;0.001062;,
  0.017464;0.155927;-0.025278;,
  0.025816;0.244724;-0.033602;,
  0.017464;0.155927;-0.025278;,
  0.017464;0.155927;-0.025278;,
  0.032126;0.243251;-0.037841;,
  0.040622;0.332014;-0.046262;,
  0.032126;0.243251;-0.037841;,
  0.046788;0.330574;-0.050403;,
  0.055798;0.419287;-0.058622;,
  0.046788;0.330574;-0.050403;,
  0.046788;0.330574;-0.050403;,
  0.061562;0.417940;-0.062494;,
  0.069528;0.506624;-0.072153;,
  0.061562;0.417940;-0.062494;,
  0.075896;0.505137;-0.076431;,
  0.075896;0.505137;-0.076431;,
  0.103921;0.590623;-0.089147;,
  0.088000;0.503666;-0.074878;,
  0.103921;0.590623;-0.089147;,
  0.075896;0.505137;-0.076431;,
  0.090098;0.592283;-0.090918;,
  0.090098;0.592283;-0.090918;,
  0.075896;0.505137;-0.076431;,
  0.090098;0.592283;-0.090918;,
  0.082827;0.593981;-0.086034;,
  0.103025;0.676436;-0.108471;,
  0.090098;0.592283;-0.090918;,
  0.122142;0.674143;-0.106022;,
  0.090098;0.592283;-0.090918;,
  0.103025;0.676436;-0.108471;,
  0.103804;0.681351;-0.109952;,
  0.122142;0.674143;-0.106022;,
  0.103025;0.676436;-0.108471;,
  0.090098;0.592283;-0.090918;,
  0.122142;0.674143;-0.106022;,
  0.103921;0.590623;-0.089147;,
  0.075896;0.505137;-0.076431;,
  0.072517;0.416588;-0.061086;,
  0.061562;0.417940;-0.062494;,
  0.072517;0.416588;-0.061086;,
  0.075896;0.505137;-0.076431;,
  0.088000;0.503666;-0.074878;,
  0.090538;0.504678;-0.062894;,
  0.072517;0.416588;-0.061086;,
  0.088000;0.503666;-0.074878;,
  0.103921;0.590623;-0.089147;,
  0.090538;0.504678;-0.062894;,
  0.088000;0.503666;-0.074878;,
  0.090538;0.504678;-0.062894;,
  0.103921;0.590623;-0.089147;,
  0.106817;0.591758;-0.075462;,
  0.122142;0.674143;-0.106022;,
  0.106817;0.591758;-0.075462;,
  0.103921;0.590623;-0.089147;,
  0.106817;0.591758;-0.075462;,
  0.122142;0.674143;-0.106022;,
  0.126147;0.675710;-0.087095;,
  0.123771;0.679197;-0.106713;,
  0.126147;0.675710;-0.087095;,
  0.122142;0.674143;-0.106022;,
  0.126147;0.675710;-0.087095;,
  0.123771;0.679197;-0.106713;,
  0.127775;0.680489;-0.087795;,
  0.145806;0.729595;-0.109985;,
  0.127775;0.680489;-0.087795;,
  0.123771;0.679197;-0.106713;,
  0.126126;0.730213;-0.128179;,
  0.103804;0.681351;-0.109952;,
  0.112080;0.731743;-0.130635;,
  0.103804;0.681351;-0.109952;,
  0.126126;0.730213;-0.128179;,
  0.122875;0.679225;-0.107541;,
  0.122142;0.674143;-0.106022;,
  0.103804;0.681351;-0.109952;,
  0.122875;0.679225;-0.107541;,
  0.123492;0.679276;-0.107307;,
  0.122142;0.674143;-0.106022;,
  0.122875;0.679225;-0.107541;,
  0.122142;0.674143;-0.106022;,
  0.123492;0.679276;-0.107307;,
  0.123771;0.679197;-0.106713;,
  0.138857;0.728724;-0.122249;,
  0.123771;0.679197;-0.106713;,
  0.123492;0.679276;-0.107307;,
  0.123771;0.679197;-0.106713;,
  0.138857;0.728724;-0.122249;,
  0.145806;0.729595;-0.109985;,
  0.160299;0.790615;-0.143357;,
  0.145806;0.729595;-0.109985;,
  0.138857;0.728724;-0.122249;,
  0.145806;0.729595;-0.109985;,
  0.160299;0.790615;-0.143357;,
  0.162642;0.793849;-0.127146;,
  0.161074;0.795734;-0.144021;,
  0.162642;0.793849;-0.127146;,
  0.160299;0.790615;-0.143357;,
  0.126126;0.730213;-0.128179;,
  0.123492;0.679276;-0.107307;,
  0.122875;0.679225;-0.107541;,
  0.123492;0.679276;-0.107307;,
  0.126126;0.730213;-0.128179;,
  0.138857;0.728724;-0.122249;,
  0.126126;0.730213;-0.128179;,
  0.160299;0.790615;-0.143357;,
  0.138857;0.728724;-0.122249;,
  0.094905;0.836450;-0.147359;,
  0.112455;0.827866;-0.155164;,
  0.095601;0.831383;-0.147339;,
  0.112455;0.827866;-0.155164;,
  0.095247;0.803372;-0.141234;,
  0.112455;0.827866;-0.155164;,
  0.115182;0.799203;-0.153002;,
  0.115323;0.794069;-0.151984;,
  0.115182;0.799203;-0.153002;,
  0.115182;0.799203;-0.153002;,
  0.129233;0.793879;-0.148481;,
  0.115323;0.794069;-0.151984;,
  0.129233;0.793879;-0.148481;,
  0.112080;0.731743;-0.130635;,
  0.115323;0.794069;-0.151984;,
  0.112080;0.731743;-0.130635;,
  0.129233;0.793879;-0.148481;,
  0.126126;0.730213;-0.128179;,
  0.126126;0.730213;-0.128179;,
  0.129233;0.793879;-0.148481;,
  0.143378;0.794427;-0.143913;,
  0.160299;0.790615;-0.143357;,
  0.126126;0.730213;-0.128179;,
  0.143378;0.794427;-0.143913;,
  0.145309;0.798345;-0.144710;,
  0.160299;0.790615;-0.143357;,
  0.143378;0.794427;-0.143913;,
  0.160299;0.790615;-0.143357;,
  0.145309;0.798345;-0.144710;,
  0.161074;0.795734;-0.144021;,
  0.117964;0.802239;-0.126088;,
  0.143378;0.794427;-0.143913;,
