xof 0303txt 0032
template ColorRGBA {
 <35ff44e0-6c7c-11cf-8f52-0040333594a3>
 FLOAT red;
 FLOAT green;
 FLOAT blue;
 FLOAT alpha;
}

template ColorRGB {
 <d3e16e81-7835-11cf-8f52-0040333594a3>
 FLOAT red;
 FLOAT green;
 FLOAT blue;
}

template Material {
 <3d82ab4d-62da-11cf-ab39-0020af71e433>
 ColorRGBA faceColor;
 FLOAT power;
 ColorRGB specularColor;
 ColorRGB emissiveColor;
 [...]
}

template TextureFilename {
 <a42790e1-7810-11cf-8f52-0040333594a3>
 STRING filename;
}

template Frame {
 <3d82ab46-62da-11cf-ab39-0020af71e433>
 [...]
}

template Matrix4x4 {
 <f6f23f45-7686-11cf-8f52-0040333594a3>
 array FLOAT matrix[16];
}

template FrameTransformMatrix {
 <f6f23f41-7686-11cf-8f52-0040333594a3>
 Matrix4x4 frameMatrix;
}

template Vector {
 <3d82ab5e-62da-11cf-ab39-0020af71e433>
 FLOAT x;
 FLOAT y;
 FLOAT z;
}

template MeshFace {
 <3d82ab5f-62da-11cf-ab39-0020af71e433>
 DWORD nFaceVertexIndices;
 array DWORD faceVertexIndices[nFaceVertexIndices];
}

template Mesh {
 <3d82ab44-62da-11cf-ab39-0020af71e433>
 DWORD nVertices;
 array Vector vertices[nVertices];
 DWORD nFaces;
 array MeshFace faces[nFaces];
 [...]
}

template MeshMaterialList {
 <f6f23f42-7686-11cf-8f52-0040333594a3>
 DWORD nMaterials;
 DWORD nFaceIndexes;
 array DWORD faceIndexes[nFaceIndexes];
 [Material <3d82ab4d-62da-11cf-ab39-0020af71e433>]
}

template VertexElement {
 <f752461c-1e23-48f6-b9f8-8350850f336f>
 DWORD Type;
 DWORD Method;
 DWORD Usage;
 DWORD UsageIndex;
}

template DeclData {
 <bf22e553-292c-4781-9fea-62bd554bdd93>
 DWORD nElements;
 array VertexElement Elements[nElements];
 DWORD nDWords;
 array DWORD data[nDWords];
}

template XSkinMeshHeader {
 <3cf169ce-ff7c-44ab-93c0-f78f62d172e2>
 WORD nMaxSkinWeightsPerVertex;
 WORD nMaxSkinWeightsPerFace;
 WORD nBones;
}

template SkinWeights {
 <6f0d123b-bad2-4167-a0d0-80224f25fabb>
 STRING transformNodeName;
 DWORD nWeights;
 array DWORD vertexIndices[nWeights];
 array FLOAT weights[nWeights];
 Matrix4x4 matrixOffset;
}

template AnimTicksPerSecond {
 <9e415a43-7ba6-4a73-8743-b73d47e88476>
 DWORD AnimTicksPerSecond;
}

template Animation {
 <3d82ab4f-62da-11cf-ab39-0020af71e433>
 [...]
}

template AnimationSet {
 <3d82ab50-62da-11cf-ab39-0020af71e433>
 [Animation <3d82ab4f-62da-11cf-ab39-0020af71e433>]
}

template FloatKeys {
 <10dd46a9-775b-11cf-8f52-0040333594a3>
 DWORD nValues;
 array FLOAT values[nValues];
}

template TimedFloatKeys {
 <f406b180-7b3b-11cf-8f52-0040333594a3>
 DWORD time;
 FloatKeys tfkeys;
}

template AnimationKey {
 <10dd46a8-775b-11cf-8f52-0040333594a3>
 DWORD keyType;
 DWORD nKeys;
 array TimedFloatKeys keys[nKeys];
}


Material Cat_ColorE_Mat {
 1.000000;1.000000;1.000000;1.000000;;
 10.000000;
 0.000000;0.000000;0.000000;;
 0.000000;0.000000;0.000000;;

 TextureFilename {
  "Cat_ColorE_DM.tga";
 }
}

Material Cat_Eye_Mat {
 1.000000;1.000000;1.000000;1.000000;;
 10.000000;
 0.000000;0.000000;0.000000;;
 0.000000;0.000000;0.000000;;

 TextureFilename {
  "Cat_Eye_DM.tga";
 }
}

Frame Dummy01 {
 

 FrameTransformMatrix {
  1.000000,0.000000,0.000000,0.000000,0.000000,1.000000,0.000000,0.000000,0.000000,0.000000,1.000000,0.000000,0.000000,0.000000,0.000000,1.000000;;
 }

 Frame RefBox {
  

  FrameTransformMatrix {
   1.000000,0.000000,0.000000,0.000000,0.000000,1.000000,0.000000,0.000000,0.000000,0.000000,1.000000,0.000000,0.000000,0.000000,0.000000,1.000000;;
  }
 }

 Frame Bip01 {
  

  FrameTransformMatrix {
   0.062859,0.000000,-0.998022,0.000000,0.000000,1.000000,0.000000,0.000000,0.998022,0.000000,0.062859,0.000000,0.000000,0.257606,0.000000,1.000000;;
  }

  Frame Bip01-Pelvis {
   

   FrameTransformMatrix {
    0.000000,1.000000,-0.000002,0.000000,-0.087644,0.000002,0.996152,0.000000,0.996152,-0.000000,0.087644,0.000000,0.000000,0.000000,0.000000,1.000000;;
   }

   Frame Bip01-Spine {
    

    FrameTransformMatrix {
     -0.167059,-0.086413,0.982153,0.000000,-0.000004,0.996152,0.087644,0.000000,-0.985947,0.014638,-0.166417,0.000000,0.028785,-0.000000,0.062855,1.000000;;
    }

    Frame Bip01-Spine1 {
     

     FrameTransformMatrix {
      0.987784,-0.120982,-0.098208,0.000000,0.120379,0.992655,-0.012066,0.000000,0.098947,0.000096,0.995093,0.000000,0.095076,0.000000,-0.000157,1.000000;;
     }

     Frame Bip01-Neck {
      

      FrameTransformMatrix {
       0.948682,-0.000001,-0.316232,0.000000,0.000001,1.000000,-0.000000,0.000000,0.316232,-0.000000,0.948682,0.000000,0.200247,-0.000000,-0.034268,1.000000;;
      }

      Frame Bip01-Head {
       

       FrameTransformMatrix {
        0.978620,0.055322,-0.198098,0.000000,-0.068525,0.995818,-0.060417,0.000000,0.193927,0.072700,0.978319,0.000000,0.047448,0.000000,-0.000000,1.000000;;
       }

       Frame Facial_Ear_R {
        

        FrameTransformMatrix {
         0.465448,-0.599396,-0.651216,0.000000,-0.789392,-0.613889,0.000832,0.000000,-0.400273,0.513678,-0.758892,0.000000,0.066276,-0.047492,-0.036285,1.000000;;
        }

        Frame Bip01-Facial_Ear_R02 {
         

         FrameTransformMatrix {
          0.998665,-0.033481,0.039339,0.000000,0.033508,0.999438,-0.000027,0.000000,-0.039316,0.001345,0.999226,0.000000,0.028624,0.000000,-0.000020,1.000000;;
         }
        }
       }

       Frame Facial_Ear_L {
        

        FrameTransformMatrix {
         0.465448,0.599393,-0.651219,0.000000,0.789390,-0.613893,-0.000833,0.000000,-0.400278,-0.513678,-0.758889,0.000000,0.066276,0.047492,-0.036286,1.000000;;
        }

        Frame Bip01-Facial_Ear_L02 {
         

         FrameTransformMatrix {
          0.998665,0.033481,0.039339,0.000000,-0.033508,0.999439,0.000027,0.000000,-0.039316,-0.001345,0.999226,0.000000,0.028624,0.000000,-0.000020,1.000000;;
         }
        }
       }

       Frame Facial_Mouth {
        

        FrameTransformMatrix {
         0.765387,0.000002,0.643571,0.000000,-0.000002,1.000000,-0.000001,0.000000,-0.643571,-0.000001,0.765387,0.000000,0.029403,-0.000000,0.075738,1.000000;;
        }
       }

       Frame Facial_Eye_L {
        

        FrameTransformMatrix {
         0.877884,0.478649,0.014666,0.000000,-0.376892,0.709499,-0.595453,0.000000,-0.295418,0.517211,0.803257,0.000000,0.062292,0.029267,0.027802,1.000000;;
        }
       }

       Frame Facial_Eye_R {
        

        FrameTransformMatrix {
         0.877884,-0.478649,0.014669,0.000000,0.376891,0.709499,0.595454,0.000000,-0.295420,-0.517211,0.803256,0.000000,0.062292,-0.029267,0.027802,1.000000;;
        }
       }
      }
     }

     Frame Bip01-L-Clavicle {
      

      FrameTransformMatrix {
       0.441415,0.112148,0.890267,0.000000,0.897303,-0.055059,-0.437968,0.000000,-0.000100,0.992165,-0.124935,0.000000,0.129819,0.039058,0.001619,1.000000;;
      }

      Frame Bip01-L-UpperArm {
       

       FrameTransformMatrix {
        0.854115,-0.477781,-0.205460,0.000000,0.091872,-0.250233,0.963817,0.000000,-0.511906,-0.842086,-0.169834,0.000000,0.064034,0.000000,0.000000,1.000000;;
       }

       Frame Bip01-L-Forearm {
        

        FrameTransformMatrix {
         0.896289,-0.000000,-0.443469,0.000000,0.000000,1.000000,0.000000,0.000000,0.443469,-0.000000,0.896289,0.000000,0.087937,0.000000,0.000000,1.000000;;
        }

        Frame Bip01-L-Hand {
         

         FrameTransformMatrix {
          0.239032,-0.020164,-0.970802,0.000000,0.033970,0.999346,-0.012393,0.000000,0.970417,-0.030016,0.239560,0.000000,0.112178,-0.000000,0.000000,1.000000;;
         }

         Frame Bip01-L-Finger0 {
          

          FrameTransformMatrix {
           0.940295,-0.000271,0.340361,0.000000,-0.000000,1.000000,0.000796,0.000000,-0.340361,-0.000749,0.940295,0.000000,0.020280,-0.000000,0.000000,1.000000;;
          }
         }
        }
       }
      }
     }

     Frame Bip01-R-Clavicle {
      

      FrameTransformMatrix {
       -0.051620,-0.124757,0.990844,0.000000,-0.998667,0.006547,-0.051204,0.000000,-0.000099,-0.992166,-0.124929,0.000000,0.129819,-0.039058,0.001619,1.000000;;
      }

      Frame Bip01-R-UpperArm {
       

       FrameTransformMatrix {
        0.929829,0.343412,-0.132240,0.000000,-0.169208,0.079878,-0.982338,0.000000,-0.326784,0.935782,0.132381,0.000000,0.064034,0.000000,-0.000000,1.000000;;
       }

       Frame Bip01-R-Forearm {
        

        FrameTransformMatrix {
         0.826652,-0.000000,-0.562713,0.000000,0.000000,1.000000,-0.000000,0.000000,0.562713,0.000000,0.826652,0.000000,0.087937,0.000000,-0.000000,1.000000;;
        }

        Frame Bip01-R-Hand {
         

         FrameTransformMatrix {
          0.038525,-0.121976,-0.991785,0.000000,-0.033638,0.991801,-0.123284,0.000000,0.998691,0.038112,0.034106,0.000000,0.112178,-0.000000,0.000000,1.000000;;
         }

         Frame Bip01-R-Finger0 {
          

          FrameTransformMatrix {
           0.940295,0.000271,0.340361,0.000000,0.000000,1.000000,-0.000796,0.000000,-0.340361,0.000749,0.940295,0.000000,0.020280,-0.000000,0.000000,1.000000;;
          }
         }
        }
       }
      }
     }
    }
   }

   Frame Bone_Tail {
    

    FrameTransformMatrix {
     -0.511704,0.094699,-0.853927,0.000000,-0.036059,0.990664,0.131470,0.000000,0.858405,0.098065,-0.503512,0.000000,0.022331,0.000767,-0.059725,1.000000;;
    }

    Frame Bip01-Bone_Tail02 {
     

     FrameTransformMatrix {
      0.848760,-0.000001,-0.528779,0.000000,0.000001,1.000000,-0.000000,0.000000,0.528779,-0.000000,0.848760,0.000000,0.065776,0.000000,-0.000048,1.000000;;
     }

     Frame Bip01-Bone_Tail03 {
      

      FrameTransformMatrix {
       0.952028,-0.000001,-0.306011,0.000000,0.000001,1.000000,-0.000000,0.000000,0.306011,-0.000000,0.952028,0.000000,0.060090,0.000000,-0.000050,1.000000;;
      }

      Frame Bip01-Bone_Tail04 {
       

       FrameTransformMatrix {
        0.708610,0.000002,0.705600,0.000000,-0.000002,1.000000,-0.000001,0.000000,-0.705600,-0.000001,0.708610,0.000000,0.062289,0.000000,-0.000051,1.000000;;
       }

       Frame Bip01-Bone_Tail05 {
        

        FrameTransformMatrix {
         0.465040,0.000003,0.885290,0.000000,-0.000002,1.000000,-0.000002,0.000000,-0.885290,-0.000001,0.465040,0.000000,0.063869,0.000000,-0.000035,1.000000;;
        }
       }
      }
     }
    }
   }

   Frame Bip01-L-Thigh {
    

    FrameTransformMatrix {
     -0.984610,-0.044628,-0.168974,0.000000,0.045266,-0.998976,0.000076,0.000000,-0.168804,-0.007574,0.985621,0.000000,-0.000000,0.038801,0.000000,1.000000;;
    }

    Frame Bip01-L-Calf {
     

     FrameTransformMatrix {
      0.756917,0.000000,-0.653510,0.000000,0.000000,1.000000,0.000000,0.000000,0.653510,-0.000000,0.756918,0.000000,0.116455,-0.000000,0.000000,1.000000;;
     }

     Frame Bip01-L-Foot {
      

      FrameTransformMatrix {
       0.815920,-0.073534,-0.573470,0.000000,0.082927,0.996508,-0.009793,0.000000,0.572187,-0.039566,0.819168,0.000000,0.060110,0.000000,0.000000,1.000000;;
      }

      Frame Bip01-L-Toe0 {
       

       FrameTransformMatrix {
        -0.990725,-0.102323,0.089412,0.000000,-0.101908,0.994752,0.009197,0.000000,-0.089884,0.000000,-0.995953,0.000000,0.015216,-0.000000,0.098121,1.000000;;
       }

       Frame Bip01-L-Toe01 {
        

        FrameTransformMatrix {
         0.991793,0.000000,-0.127849,0.000000,-0.000000,1.000000,0.000000,0.000000,0.127849,-0.000000,0.991794,0.000000,0.016987,0.000000,0.000000,1.000000;;
        }
       }
      }
     }
    }
   }

   Frame Bip01-R-Thigh {
    

    FrameTransformMatrix {
     -0.946975,0.013705,0.321015,0.000000,-0.076765,-0.979807,-0.184621,0.000000,0.312003,-0.199474,0.928905,0.000000,0.000000,-0.038801,-0.000000,1.000000;;
    }

    Frame Bip01-R-Calf {
     

     FrameTransformMatrix {
      0.663997,0.000000,-0.747735,0.000000,-0.000000,1.000000,0.000000,0.000000,0.747735,0.000000,0.663997,0.000000,0.116455,0.000000,0.000000,1.000000;;
     }

     Frame Bip01-R-Foot {
      

      FrameTransformMatrix {
       0.906691,0.073376,-0.415365,0.000000,-0.084198,0.996419,-0.007772,0.000000,0.413307,0.042019,0.909622,0.000000,0.060110,0.000000,0.000000,1.000000;;
      }

      Frame Bip01-R-Toe0 {
       

       FrameTransformMatrix {
        -0.804630,0.102325,0.584893,0.000000,0.082768,0.994751,-0.060165,0.000000,-0.587979,0.000000,-0.808876,0.000000,0.015216,0.000000,0.098121,1.000000;;
       }

       Frame Bip01-R-Toe01 {
        

        FrameTransformMatrix {
         0.991794,-0.000000,-0.127849,0.000000,0.000000,1.000000,-0.000000,0.000000,0.127849,0.000000,0.991794,0.000000,0.016987,0.000000,0.000000,1.000000;;
        }
       }
      }
     }
    }
   }
  }
 }
}

Frame SK_Cat {
 

 FrameTransformMatrix {
  1.000000,0.000000,0.000000,0.000000,0.000000,1.000000,0.000000,0.000000,0.000000,0.000000,1.000000,0.000000,0.000000,0.000000,0.000000,1.000000;;
 }

 Mesh SK_Cat {
  6826;
  0.010700;0.271319;-0.523466;,
  0.012239;0.277839;-0.524847;,
  0.008969;0.275826;-0.526358;,
  0.042031;0.257173;-0.514543;,
  0.032622;0.262785;-0.514766;,
  0.032555;0.261354;-0.517178;,
  0.042031;0.257173;-0.514543;,
  0.042034;0.258486;-0.512112;,
  0.017537;0.266275;-0.519115;,
  0.017882;0.267414;-0.517322;,
  0.017537;0.266275;-0.519115;,
  0.032555;0.261354;-0.517178;,
  0.018707;0.268448;-0.519055;,
  0.032555;0.261354;-0.517178;,
  0.017537;0.266275;-0.519115;,
  0.032555;0.261354;-0.517178;,
  0.018707;0.268448;-0.519055;,
  0.033615;0.263634;-0.517278;,
  0.042992;0.259219;-0.514614;,
  0.032555;0.261354;-0.517178;,
  0.033615;0.263634;-0.517278;,
  0.032555;0.261354;-0.517178;,
  0.042992;0.259219;-0.514614;,
  0.042031;0.257173;-0.514543;,
  0.042992;0.259219;-0.514614;,
  0.053261;0.252030;-0.510970;,
  0.042031;0.257173;-0.514543;,
  0.053261;0.252030;-0.510970;,
  0.042031;0.257173;-0.514543;,
  0.053261;0.252030;-0.510970;,
  0.053205;0.253267;-0.508546;,
  0.063858;0.250725;-0.508873;,
  0.053261;0.252030;-0.510970;,
  0.063227;0.251884;-0.506512;,
  0.070623;0.254241;-0.503557;,
  0.032622;0.262785;-0.514766;,
  0.018707;0.268448;-0.519055;,
  0.017882;0.267414;-0.517322;,
  0.018707;0.268448;-0.519055;,
  0.033615;0.263634;-0.517278;,
  0.042034;0.258486;-0.512112;,
  0.033615;0.263634;-0.517278;,
  0.033615;0.263634;-0.517278;,
  0.042992;0.259219;-0.514614;,
  0.053763;0.253920;-0.511127;,
  0.042992;0.259219;-0.514614;,
  0.053261;0.252030;-0.510970;,
  0.042992;0.259219;-0.514614;,
  0.053763;0.253920;-0.511127;,
  0.063739;0.252446;-0.509108;,
  0.053261;0.252030;-0.510970;,
  0.053763;0.253920;-0.511127;,
  0.053261;0.252030;-0.510970;,
  0.070904;0.254574;-0.505140;,
  0.071072;0.253569;-0.504937;,
  0.078079;0.254342;-0.500326;,
  0.063227;0.251884;-0.506512;,
  0.053763;0.253920;-0.511127;,
  0.053763;0.253920;-0.511127;,
  0.053205;0.253267;-0.508546;,
  0.053763;0.253920;-0.511127;,
  0.031861;0.256269;-0.521563;,
  0.024408;0.261927;-0.521717;,
  0.024220;0.260912;-0.523502;,
  0.031861;0.256269;-0.521563;,
  0.031984;0.257190;-0.519769;,
  0.011936;0.266680;-0.524773;,
  0.012281;0.267820;-0.522980;,
  0.011936;0.266680;-0.524773;,
  0.024220;0.260912;-0.523502;,
  0.013103;0.268853;-0.524711;,
  0.024220;0.260912;-0.523502;,
  0.011936;0.266680;-0.524773;,
  0.024220;0.260912;-0.523502;,
  0.013103;0.268853;-0.524711;,
  0.025345;0.262749;-0.523442;,
  0.032879;0.257915;-0.521494;,
  0.024220;0.260912;-0.523502;,
  0.025345;0.262749;-0.523442;,
  0.024220;0.260912;-0.523502;,
  0.032879;0.257915;-0.521494;,
  0.031861;0.256269;-0.521563;,
  0.032879;0.257915;-0.521494;,
  0.039389;0.251018;-0.518804;,
  0.031861;0.256269;-0.521563;,
  0.039389;0.251018;-0.518804;,
  0.031861;0.256269;-0.521563;,
  0.039389;0.251018;-0.518804;,
  0.039478;0.251846;-0.517005;,
  0.045998;0.244580;-0.517524;,
  0.039389;0.251018;-0.518804;,
  0.045974;0.245325;-0.515711;,
  0.052100;0.242859;-0.513069;,
  0.024408;0.261927;-0.521717;,
  0.013103;0.268853;-0.524711;,
  0.012281;0.267820;-0.522980;,
  0.013103;0.268853;-0.524711;,
  0.025345;0.262749;-0.523442;,
  0.031984;0.257190;-0.519769;,
  0.025345;0.262749;-0.523442;,
  0.025345;0.262749;-0.523442;,
  0.032879;0.257915;-0.521494;,
  0.040362;0.252408;-0.518729;,
  0.032879;0.257915;-0.521494;,
  0.039389;0.251018;-0.518804;,
  0.032879;0.257915;-0.521494;,
  0.040362;0.252408;-0.518729;,
  0.046778;0.245848;-0.517458;,
  0.039389;0.251018;-0.518804;,
  0.040362;0.252408;-0.518729;,
  0.039389;0.251018;-0.518804;,
  0.052562;0.243200;-0.513992;,
  0.052171;0.242403;-0.513978;,
  0.057135;0.238819;-0.510168;,
  0.045974;0.245325;-0.515711;,
  0.040362;0.252408;-0.518729;,
  0.040362;0.252408;-0.518729;,
  0.039478;0.251846;-0.517005;,
  0.040362;0.252408;-0.518729;,
  -0.007668;0.266046;-0.521207;,
  -0.010700;0.271319;-0.523466;,
  -0.008104;0.272002;-0.525363;,
  -0.007668;0.266046;-0.521207;,
  -0.006997;0.272201;-0.522832;,
  -0.010700;0.271319;-0.523466;,
  -0.007668;0.266046;-0.521207;,
  -0.008104;0.272002;-0.525363;,
  -0.006997;0.272201;-0.522832;,
  -0.012239;0.277839;-0.524847;,
  -0.010700;0.271319;-0.523466;,
  -0.006997;0.272201;-0.522832;,
  -0.008810;0.278701;-0.524355;,
  -0.012239;0.277839;-0.524847;,
  -0.006997;0.272201;-0.522832;,
  -0.010700;0.271319;-0.523466;,
  -0.008969;0.275826;-0.526358;,
  -0.010700;0.271319;-0.523466;,
  -0.012239;0.277839;-0.524847;,
  -0.006997;0.272201;-0.522832;,
  -0.008969;0.275826;-0.526358;,
  -0.008104;0.272002;-0.525363;,
  -0.008104;0.272002;-0.525363;,
  -0.008810;0.278701;-0.524355;,
  -0.008104;0.272002;-0.525363;,
  -0.008267;0.261313;-0.522342;,
  -0.012129;0.255066;-0.523027;,
  -0.009418;0.254408;-0.522640;,
  -0.012129;0.255066;-0.523027;,
  -0.008267;0.261313;-0.522342;,
  -0.011364;0.261971;-0.522730;,
  -0.009338;0.262283;-0.524529;,
  -0.008267;0.261313;-0.522342;,
  -0.009418;0.254408;-0.522640;,
  -0.011364;0.261971;-0.522730;,
  -0.009963;0.257814;-0.524826;,
  -0.012129;0.255066;-0.523027;,
  -0.011364;0.261971;-0.522730;,
  -0.009338;0.262283;-0.524529;,
  -0.011364;0.261971;-0.522730;,
  -0.008619;0.269224;-0.521575;,
  -0.011364;0.261971;-0.522730;,
  -0.008267;0.261313;-0.522342;,
  -0.008619;0.269224;-0.521575;,
  -0.008267;0.261313;-0.522342;,
  -0.008619;0.269224;-0.521575;,
  -0.009418;0.254408;-0.522640;,
  -0.009963;0.257814;-0.524826;,
  0.016802;0.270092;-0.520103;,
  0.029398;0.270351;-0.514526;,
  0.016422;0.271705;-0.517724;,
  0.041736;0.267938;-0.512690;,
  0.054307;0.264845;-0.506795;,
  0.041240;0.265736;-0.512535;,
  0.054307;0.264845;-0.506795;,
  0.040647;0.267174;-0.510251;,
  0.041240;0.265736;-0.512535;,
  0.041240;0.265736;-0.512535;,
  0.041240;0.265736;-0.512535;,
  0.029952;0.268784;-0.516788;,
  0.016802;0.270092;-0.520103;,
  0.029952;0.268784;-0.516788;,
  0.017371;0.272917;-0.520159;,
  0.029952;0.268784;-0.516788;,
  0.016802;0.270092;-0.520103;,
  0.029952;0.268784;-0.516788;,
  0.017371;0.272917;-0.520159;,
  0.030497;0.271235;-0.516981;,
  0.017371;0.272917;-0.520159;,
  0.029398;0.270351;-0.514526;,
  0.030497;0.271235;-0.516981;,
  0.040647;0.267174;-0.510251;,
  0.030497;0.271235;-0.516981;,
  0.030497;0.271235;-0.516981;,
  0.041736;0.267938;-0.512690;,
  0.029952;0.268784;-0.516788;,
  0.041736;0.267938;-0.512690;,
  0.041240;0.265736;-0.512535;,
  0.041736;0.267938;-0.512690;,
  0.029952;0.268784;-0.516788;,
  0.030497;0.271235;-0.516981;,
  0.017371;0.272917;-0.520159;,
  0.016422;0.271705;-0.517724;,
  0.054406;0.266784;-0.507071;,
  0.041736;0.267938;-0.512690;,
  0.054307;0.264845;-0.506795;,
  0.041736;0.267938;-0.512690;,
  0.054406;0.266784;-0.507071;,
  0.064122;0.267737;-0.503838;,
  0.054307;0.264845;-0.506795;,
  0.054406;0.266784;-0.507071;,
  0.054307;0.264845;-0.506795;,
  0.064579;0.266106;-0.503434;,
  0.070278;0.271351;-0.499007;,
  0.070631;0.270427;-0.498695;,
  0.076657;0.273063;-0.493432;,
  0.069876;0.271070;-0.497440;,
  0.063416;0.267246;-0.501275;,
  0.054406;0.266784;-0.507071;,
  0.054406;0.266784;-0.507071;,
  0.053676;0.266194;-0.504517;,
  0.054406;0.266784;-0.507071;,
  0.054307;0.264845;-0.506795;,
  0.053676;0.266194;-0.504517;,
  0.054307;0.264845;-0.506795;,
  0.063416;0.267246;-0.501275;,
  0.006997;0.272201;-0.522832;,
  0.007668;0.266046;-0.521207;,
  0.010700;0.271319;-0.523466;,
  0.010700;0.271319;-0.523466;,
  0.012239;0.277839;-0.524847;,
  0.006997;0.272201;-0.522832;,
  0.008810;0.278701;-0.524355;,
  0.006997;0.272201;-0.522832;,
  0.006997;0.272201;-0.522832;,
  0.008810;0.278701;-0.524355;,
  0.008104;0.272002;-0.525363;,
  0.010700;0.271319;-0.523466;,
  0.007668;0.266046;-0.521207;,
  0.008104;0.272002;-0.525363;,
  0.010700;0.271319;-0.523466;,
  0.007668;0.266046;-0.521207;,
  0.006997;0.272201;-0.522832;,
  0.010700;0.271319;-0.523466;,
  0.008969;0.275826;-0.526358;,
  0.010700;0.271319;-0.523466;,
  0.010700;0.271319;-0.523466;,
  0.010700;0.271319;-0.523466;,
  0.010700;0.271319;-0.523466;,
  0.008810;0.278701;-0.524355;,
  0.008969;0.275826;-0.526358;,
  0.008267;0.261313;-0.522342;,
  0.012129;0.255066;-0.523027;,
  0.011364;0.261971;-0.522730;,
  0.012129;0.255066;-0.523027;,
  0.008267;0.261313;-0.522342;,
  0.009418;0.254408;-0.522640;,
  0.009418;0.254408;-0.522640;,
  0.009338;0.262283;-0.524529;,
  0.009963;0.257814;-0.524826;,
  0.009418;0.254408;-0.522640;,
  0.008267;0.261313;-0.522342;,
  0.008267;0.261313;-0.522342;,
  0.008619;0.269224;-0.521575;,
  0.011364;0.261971;-0.522730;,
  0.008619;0.269224;-0.521575;,
  0.008267;0.261313;-0.522342;,
  0.009338;0.262283;-0.524529;,
  0.008619;0.269224;-0.521575;,
  0.011364;0.261971;-0.522730;,
  0.011364;0.261971;-0.522730;,
  0.009963;0.257814;-0.524826;,
  0.011364;0.261971;-0.522730;,
  0.012129;0.255066;-0.523027;,
  0.063739;0.252446;-0.509108;,
  0.070623;0.254241;-0.503557;,
  0.070904;0.254574;-0.505140;,
  0.078079;0.254342;-0.500326;,
  0.071072;0.253569;-0.504937;,
  0.063858;0.250725;-0.508873;,
  0.009909;0.243135;-0.482480;,
  0.000000;0.239854;-0.472375;,
  0.000000;0.241678;-0.484157;,
  0.000000;0.243822;-0.498002;,
  0.009909;0.243135;-0.482480;,
  0.009909;0.243135;-0.482480;,
  0.011032;0.245644;-0.497012;,
  0.020300;0.247460;-0.496026;,
  0.009909;0.243135;-0.482480;,
  0.011032;0.245644;-0.497012;,
  0.033033;0.257733;-0.501875;,
  0.026561;0.251271;-0.492233;,
  0.027202;0.250836;-0.506171;,
  0.020300;0.247460;-0.496026;,
  0.027202;0.250836;-0.506171;,
  0.026561;0.251271;-0.492233;,
  0.026561;0.251271;-0.492233;,
  0.025061;0.243933;-0.471426;,
  0.020300;0.247460;-0.496026;,
  0.009909;0.243135;-0.482480;,
  0.020300;0.247460;-0.496026;,
  0.025061;0.243933;-0.471426;,
  0.012286;0.241854;-0.471910;,
  0.009909;0.243135;-0.482480;,
  0.025061;0.243933;-0.471426;,
  0.009909;0.243135;-0.482480;,
  0.012286;0.241854;-0.471910;,
  0.012286;0.241854;-0.471910;,
  0.000000;0.239101;-0.460978;,
  0.012286;0.241854;-0.471910;,
  0.014791;0.240473;-0.460885;,
  0.015320;0.242352;-0.449945;,
  0.014791;0.240473;-0.460885;,
  0.015320;0.242352;-0.449945;,
  0.014791;0.240473;-0.460885;,
  0.020875;0.241038;-0.460847;,
  0.012286;0.241854;-0.471910;,
  0.020875;0.241038;-0.460847;,
  0.014791;0.240473;-0.460885;,
  0.020875;0.241038;-0.460847;,
  0.012286;0.241854;-0.471910;,
  0.025061;0.243933;-0.471426;,
  0.036495;0.251098;-0.460393;,
  0.015320;0.242352;-0.449945;,
  0.020875;0.241038;-0.460847;,
  0.025061;0.243933;-0.471426;,
  0.036495;0.251098;-0.460393;,
  0.020875;0.241038;-0.460847;,
  0.036495;0.251098;-0.460393;,
  0.025061;0.243933;-0.471426;,
  0.033035;0.249340;-0.472136;,
  0.025061;0.243933;-0.471426;,
  0.026561;0.251271;-0.492233;,
  0.033035;0.249340;-0.472136;,
  0.026561;0.251271;-0.492233;,
  0.037833;0.254245;-0.472405;,
  0.033035;0.249340;-0.472136;,
  0.037833;0.254245;-0.472405;,
  0.026561;0.251271;-0.492233;,
  0.035265;0.256833;-0.487200;,
  0.026561;0.251271;-0.492233;,
  0.036495;0.251098;-0.460393;,
  0.033035;0.249340;-0.472136;,
  0.037833;0.254245;-0.472405;,
  0.015320;0.242352;-0.449945;,
  0.036495;0.251098;-0.460393;,
  0.033102;0.250619;-0.440619;,
  0.035466;0.263364;-0.505615;,
  0.040786;0.264799;-0.487290;,
  0.035547;0.260634;-0.502899;,
  0.035547;0.260634;-0.502899;,
  0.028419;0.258724;-0.509149;,
  0.035466;0.263364;-0.505615;,
  0.035547;0.260634;-0.502899;,
  0.033033;0.257733;-0.501875;,
  0.035547;0.260634;-0.502899;,
  0.035265;0.256833;-0.487200;,
  0.035547;0.260634;-0.502899;,
  0.040786;0.264799;-0.487290;,
  0.040786;0.264799;-0.487290;,
  0.037833;0.254245;-0.472405;,
  0.037833;0.254245;-0.472405;,
  0.040786;0.264799;-0.487290;,
  0.043756;0.261102;-0.471846;,
  0.043756;0.261102;-0.471846;,
  0.036495;0.251098;-0.460393;,
  0.037833;0.254245;-0.472405;,
  0.036495;0.251098;-0.460393;,
  0.043756;0.261102;-0.471846;,
  0.050828;0.257626;-0.459600;,
  0.050828;0.257626;-0.459600;,
  0.033102;0.250619;-0.440619;,
  0.036495;0.251098;-0.460393;,
  0.051799;0.275689;-0.484371;,
  0.043756;0.261102;-0.471846;,
  0.040786;0.264799;-0.487290;,
  0.078236;0.299532;-0.471347;,
  0.051799;0.275689;-0.484371;,
  0.058605;0.286882;-0.486485;,
  0.051799;0.275689;-0.484371;,
  0.078236;0.299532;-0.471347;,
  0.060270;0.275107;-0.473232;,
  0.043756;0.261102;-0.471846;,
  0.051799;0.275689;-0.484371;,
  0.060270;0.275107;-0.473232;,
  0.060270;0.275107;-0.473232;,
  0.050828;0.257626;-0.459600;,
  0.043756;0.261102;-0.471846;,
  0.050828;0.257626;-0.459600;,
  0.060270;0.275107;-0.473232;,
  0.079168;0.287264;-0.458617;,
  0.079168;0.287264;-0.458617;,
  0.053206;0.255728;-0.440110;,
  0.050828;0.257626;-0.459600;,
  0.053206;0.255728;-0.440110;,
  0.079168;0.287264;-0.458617;,
  0.077012;0.274867;-0.436339;,
  0.093542;0.273770;-0.429344;,
  0.077012;0.274867;-0.436339;,
  0.079168;0.287264;-0.458617;,
  0.089642;0.315938;-0.451491;,
  0.078236;0.299532;-0.471347;,
  0.077629;0.317491;-0.463120;,
  0.078236;0.299532;-0.471347;,
  0.089642;0.315938;-0.451491;,
  0.086521;0.303991;-0.455299;,
  0.078236;0.299532;-0.471347;,
  0.086521;0.303991;-0.455299;,
  0.084358;0.297628;-0.456839;,
  0.079168;0.287264;-0.458617;,
  0.078236;0.299532;-0.471347;,
  0.084358;0.297628;-0.456839;,
  0.078236;0.299532;-0.471347;,
  0.079168;0.287264;-0.458617;,
  0.060270;0.275107;-0.473232;,
  0.084358;0.297628;-0.456839;,
  0.086521;0.303991;-0.455299;,
  0.093618;0.299649;-0.439888;,
  0.086521;0.303991;-0.455299;,
  0.109481;0.304241;-0.419649;,
  0.093618;0.299649;-0.439888;,
  0.089642;0.315938;-0.451491;,
  0.109481;0.304241;-0.419649;,
  0.086521;0.303991;-0.455299;,
  0.091510;0.325250;-0.440879;,
  0.109481;0.304241;-0.419649;,
  0.089642;0.315938;-0.451491;,
  0.077629;0.317491;-0.463120;,
  0.091510;0.325250;-0.440879;,
  0.089642;0.315938;-0.451491;,
  0.091510;0.325250;-0.440879;,
  0.077629;0.317491;-0.463120;,
  0.077064;0.328070;-0.454583;,
  0.066551;0.320491;-0.473561;,
  0.077064;0.328070;-0.454583;,
  0.077629;0.317491;-0.463120;,
  0.060942;0.303335;-0.484111;,
  0.066551;0.320491;-0.473561;,
  0.077629;0.317491;-0.463120;,
  0.078236;0.299532;-0.471347;,
  0.060942;0.303335;-0.484111;,
  0.077629;0.317491;-0.463120;,
  0.060942;0.303335;-0.484111;,
  0.078236;0.299532;-0.471347;,
  0.058605;0.286882;-0.486485;,
  0.091510;0.325250;-0.440879;,
  0.080410;0.327521;-0.425454;,
  0.109481;0.304241;-0.419649;,
  0.109481;0.304241;-0.419649;,
  0.080410;0.327521;-0.425454;,
  0.079760;0.308231;-0.411015;,
  0.093618;0.299649;-0.439888;,
  0.109481;0.304241;-0.419649;,
  0.079760;0.308231;-0.411015;,
  0.093618;0.299649;-0.439888;,
  0.079760;0.308231;-0.411015;,
  0.074990;0.286542;-0.415523;,
  0.093618;0.299649;-0.439888;,
  0.074990;0.286542;-0.415523;,
  0.105332;0.289763;-0.427302;,
  0.105332;0.289763;-0.427302;,
  0.074990;0.286542;-0.415523;,
  0.089993;0.285303;-0.430031;,
  0.055291;0.294204;-0.403096;,
  0.074990;0.286542;-0.415523;,
  0.079760;0.308231;-0.411015;,
  0.074990;0.286542;-0.415523;,
  0.055291;0.294204;-0.403096;,
  0.046679;0.281611;-0.404764;,
  0.074133;0.342352;-0.447489;,
  0.091510;0.325250;-0.440879;,
  0.077064;0.328070;-0.454583;,
  0.091510;0.325250;-0.440879;,
  0.074133;0.342352;-0.447489;,
  0.080198;0.337991;-0.435276;,
  0.080198;0.337991;-0.435276;,
  0.080410;0.327521;-0.425454;,
  0.091510;0.325250;-0.440879;,
  0.080410;0.327521;-0.425454;,
  0.080198;0.337991;-0.435276;,
  0.075612;0.339459;-0.419839;,
  0.075612;0.339459;-0.419839;,
  0.075479;0.315118;-0.411005;,
  0.080410;0.327521;-0.425454;,
  0.079760;0.308231;-0.411015;,
  0.080410;0.327521;-0.425454;,
  0.075479;0.315118;-0.411005;,
  0.058218;0.316253;-0.404075;,
  0.079760;0.308231;-0.411015;,
  0.075479;0.315118;-0.411005;,
  0.079760;0.308231;-0.411015;,
  0.058218;0.316253;-0.404075;,
  0.055291;0.294204;-0.403096;,
  0.027415;0.314042;-0.380133;,
  0.055291;0.294204;-0.403096;,
  0.058218;0.316253;-0.404075;,
  0.055291;0.294204;-0.403096;,
  0.033222;0.299078;-0.381659;,
  0.077064;0.328070;-0.454583;,
  0.066551;0.320491;-0.473561;,
  0.071552;0.330200;-0.466692;,
  0.068205;0.342558;-0.464786;,
  0.077064;0.328070;-0.454583;,
  0.071552;0.330200;-0.466692;,
  0.077064;0.328070;-0.454583;,
  0.068205;0.342558;-0.464786;,
  0.074133;0.342352;-0.447489;,
  0.068205;0.342558;-0.464786;,
  0.073195;0.348514;-0.438995;,
  0.074133;0.342352;-0.447489;,
  0.080198;0.337991;-0.435276;,
  0.074133;0.342352;-0.447489;,
  0.080198;0.337991;-0.435276;,
  0.075677;0.346709;-0.430375;,
  0.075612;0.339459;-0.419839;,
  0.080198;0.337991;-0.435276;,
  0.075612;0.339459;-0.419839;,
  0.066086;0.352075;-0.419586;,
  0.075479;0.315118;-0.411005;,
  0.075612;0.339459;-0.419839;,
  0.062004;0.335656;-0.411305;,
  0.075479;0.315118;-0.411005;,
  0.068205;0.342558;-0.464786;,
  0.058162;0.360313;-0.446022;,
  0.061263;0.343195;-0.473161;,
  0.040013;0.360397;-0.466518;,
  0.068205;0.342558;-0.464786;,
  0.046071;0.368050;-0.455515;,
  0.068205;0.342558;-0.464786;,
  0.040013;0.360397;-0.466518;,
  0.068205;0.342558;-0.464786;,
  0.025957;0.367583;-0.467595;,
  0.034432;0.375663;-0.454109;,
  0.025957;0.367583;-0.467595;,
  0.040013;0.360397;-0.466518;,
  0.037722;0.350307;-0.478344;,
  0.025957;0.367583;-0.467595;,
  0.040013;0.360397;-0.466518;,
  0.040013;0.360397;-0.466518;,
  0.061263;0.343195;-0.473161;,
  0.037722;0.350307;-0.478344;,
  0.044790;0.340465;-0.483819;,
  0.037722;0.350307;-0.478344;,
  0.061263;0.343195;-0.473161;,
  0.000000;0.362251;-0.406622;,
  0.034295;0.370838;-0.425337;,
  0.000000;0.375959;-0.422863;,
  0.000000;0.378555;-0.450324;,
  0.000000;0.370001;-0.468601;,
  0.025957;0.367583;-0.467595;,
  0.021092;0.356643;-0.480930;,
  0.025957;0.367583;-0.467595;,
  0.025957;0.367583;-0.467595;,
  0.037722;0.350307;-0.478344;,
  0.021092;0.356643;-0.480930;,
  0.033376;0.340823;-0.491563;,
  0.021092;0.356643;-0.480930;,
  0.037722;0.350307;-0.478344;,
  0.037722;0.350307;-0.478344;,
  0.044790;0.340465;-0.483819;,
  0.033376;0.340823;-0.491563;,
  0.047510;0.330064;-0.485347;,
  0.033376;0.340823;-0.491563;,
  0.044790;0.340465;-0.483819;,
  0.000000;0.334410;-0.503952;,
  0.009546;0.314484;-0.508854;,
  0.000000;0.315483;-0.510302;,
  0.009546;0.314484;-0.508854;,
  0.011472;0.331239;-0.503151;,
  0.017731;0.345891;-0.492948;,
  0.011472;0.331239;-0.503151;,
  0.033376;0.340823;-0.491563;,
  0.011472;0.331239;-0.503151;,
  0.017731;0.345891;-0.492948;,
  0.021092;0.356643;-0.480930;,
  0.033376;0.340823;-0.491563;,
  0.017731;0.345891;-0.492948;,
  0.000000;0.347554;-0.493736;,
  0.021092;0.356643;-0.480930;,
  0.017731;0.345891;-0.492948;,
  0.021092;0.356643;-0.480930;,
  0.000000;0.358960;-0.481620;,
  0.021092;0.356643;-0.480930;,
  0.017731;0.345891;-0.492948;,
  0.033376;0.340823;-0.491563;,
  0.047510;0.330064;-0.485347;,
  0.034238;0.324848;-0.494530;,
  0.034238;0.324848;-0.494530;,
  0.020225;0.322525;-0.500237;,
  0.033376;0.340823;-0.491563;,
  0.011472;0.331239;-0.503151;,
  0.033376;0.340823;-0.491563;,
  0.020225;0.322525;-0.500237;,
  0.012148;0.308582;-0.504965;,
  0.011472;0.331239;-0.503151;,
  0.020225;0.322525;-0.500237;,
  0.011472;0.331239;-0.503151;,
  0.012148;0.308582;-0.504965;,
  0.009546;0.314484;-0.508854;,
  0.012148;0.308582;-0.504965;,
  0.008602;0.301765;-0.514104;,
  0.009546;0.314484;-0.508854;,
  0.008602;0.301765;-0.514104;,
  0.009546;0.314484;-0.508854;,
  0.008602;0.301765;-0.514104;,
  0.000000;0.303865;-0.516213;,
  0.008602;0.301765;-0.514104;,
  0.000000;0.297920;-0.526014;,
  0.020225;0.322525;-0.500237;,
  0.015828;0.302192;-0.500865;,
  0.012148;0.308582;-0.504965;,
  0.015828;0.302192;-0.500865;,
  0.020225;0.322525;-0.500237;,
  0.024389;0.320358;-0.499061;,
  0.020225;0.322525;-0.500237;,
  0.034238;0.324848;-0.494530;,
  0.024389;0.320358;-0.499061;,
  0.044813;0.308093;-0.488077;,
  0.056720;0.315946;-0.478560;,
  0.046233;0.304842;-0.487900;,
  0.046233;0.304842;-0.487900;,
  0.030988;0.304312;-0.495406;,
  0.044813;0.308093;-0.488077;,
  0.030988;0.304312;-0.495406;,
  0.046233;0.304842;-0.487900;,
  0.031258;0.300888;-0.497050;,
  0.015828;0.302192;-0.500865;,
  0.030988;0.304312;-0.495406;,
  0.031258;0.300888;-0.497050;,
  0.031258;0.300888;-0.497050;,
  0.015381;0.295941;-0.506746;,
  0.015828;0.302192;-0.500865;,
  0.015381;0.295941;-0.506746;,
  0.012148;0.308582;-0.504965;,
  0.015828;0.302192;-0.500865;,
  0.012148;0.308582;-0.504965;,
  0.015381;0.295941;-0.506746;,
  0.008605;0.297787;-0.509433;,
  0.008602;0.301765;-0.514104;,
  0.012148;0.308582;-0.504965;,
  0.008605;0.297787;-0.509433;,
  0.008605;0.297787;-0.509433;,
  0.009400;0.295972;-0.524020;,
  0.008602;0.301765;-0.514104;,
  0.008602;0.301765;-0.514104;,
  0.009400;0.295972;-0.524020;,
  0.015381;0.295941;-0.506746;,
  0.031258;0.300888;-0.497050;,
  0.032895;0.294358;-0.501095;,
  0.031258;0.300888;-0.497050;,
  0.049004;0.298278;-0.491319;,
  0.032895;0.294358;-0.501095;,
  0.049004;0.298278;-0.491319;,
  0.031258;0.300888;-0.497050;,
  0.046233;0.304842;-0.487900;,
  0.046589;0.286440;-0.493826;,
  0.032895;0.294358;-0.501095;,
  0.049004;0.298278;-0.491319;,
  0.046589;0.286440;-0.493826;,
  0.031728;0.281535;-0.508173;,
  0.032020;0.288693;-0.506133;,
  0.032895;0.294358;-0.501095;,
  0.046589;0.286440;-0.493826;,
  0.032020;0.288693;-0.506133;,
  0.019377;0.290742;-0.515530;,
  0.032895;0.294358;-0.501095;,
  0.032020;0.288693;-0.506133;,
  0.032895;0.294358;-0.501095;,
  0.019377;0.290742;-0.515530;,
  0.015381;0.295941;-0.506746;,
  0.011939;0.291094;-0.519095;,
  0.015381;0.295941;-0.506746;,
  0.019377;0.290742;-0.515530;,
  0.015381;0.295941;-0.506746;,
  0.011939;0.291094;-0.519095;,
  0.008605;0.297787;-0.509433;,
  0.009400;0.295972;-0.524020;,
  0.008605;0.297787;-0.509433;,
  0.011939;0.291094;-0.519095;,
  0.014340;0.285303;-0.528110;,
  0.009400;0.295972;-0.524020;,
  0.011939;0.291094;-0.519095;,
  0.009400;0.295972;-0.524020;,
  0.014340;0.285303;-0.528110;,
  0.010343;0.291256;-0.532128;,
  0.010343;0.291256;-0.532128;,
  0.014340;0.285303;-0.528110;,
  0.010946;0.283555;-0.531138;,
  0.011939;0.291094;-0.519095;,
  0.023020;0.285082;-0.521836;,
  0.014340;0.285303;-0.528110;,
  0.023020;0.285082;-0.521836;,
  0.011939;0.291094;-0.519095;,
  0.019377;0.290742;-0.515530;,
  0.032020;0.288693;-0.506133;,
  0.023020;0.285082;-0.521836;,
  0.019377;0.290742;-0.515530;,
  0.023020;0.285082;-0.521836;,
  0.032020;0.288693;-0.506133;,
  0.031728;0.281535;-0.508173;,
  0.033508;0.274389;-0.511150;,
  0.023020;0.285082;-0.521836;,
  0.031728;0.281535;-0.508173;,
  0.014340;0.285303;-0.528110;,
  0.010818;0.276716;-0.533452;,
  0.010946;0.283555;-0.531138;,
  0.014340;0.285303;-0.528110;,
  0.016795;0.274814;-0.530911;,
  0.010818;0.276716;-0.533452;,
  0.023020;0.285082;-0.521836;,
  0.016795;0.274814;-0.530911;,
  0.014340;0.285303;-0.528110;,
  0.016795;0.274814;-0.530911;,
  0.023020;0.285082;-0.521836;,
  0.024769;0.274605;-0.523231;,
  0.023020;0.285082;-0.521836;,
  0.033508;0.274389;-0.511150;,
  0.024769;0.274605;-0.523231;,
  0.032340;0.263980;-0.513388;,
  0.024769;0.274605;-0.523231;,
  0.033508;0.274389;-0.511150;,
  0.036926;0.270776;-0.498424;,
  0.032340;0.263980;-0.513388;,
  0.033508;0.274389;-0.511150;,
  0.033508;0.274389;-0.511150;,
  0.040394;0.277769;-0.495026;,
  0.036926;0.270776;-0.498424;,
  0.040394;0.277769;-0.495026;,
  0.033508;0.274389;-0.511150;,
  0.031728;0.281535;-0.508173;,
  0.031728;0.281535;-0.508173;,
  0.046589;0.286440;-0.493826;,
  0.040394;0.277769;-0.495026;,
  0.010343;0.291256;-0.532128;,
  0.010946;0.283555;-0.531138;,
  0.005734;0.287943;-0.536892;,
  0.010946;0.283555;-0.531138;,
  0.005361;0.279870;-0.534028;,
  0.005734;0.287943;-0.536892;,
  0.005361;0.279870;-0.534028;,
  0.010946;0.283555;-0.531138;,
  0.010818;0.276716;-0.533452;,
  0.006045;0.270027;-0.534078;,
  0.005361;0.279870;-0.534028;,
  0.010818;0.276716;-0.533452;,
  0.016795;0.274814;-0.530911;,
  0.006045;0.270027;-0.534078;,
  0.010818;0.276716;-0.533452;,
  0.006045;0.270027;-0.534078;,
  0.016795;0.274814;-0.530911;,
  0.017368;0.265074;-0.529546;,
  0.016795;0.274814;-0.530911;,
  0.024816;0.264194;-0.521767;,
  0.017368;0.265074;-0.529546;,
  0.024816;0.264194;-0.521767;,
  0.016795;0.274814;-0.530911;,
  0.024769;0.274605;-0.523231;,
  0.024769;0.274605;-0.523231;,
  0.032340;0.263980;-0.513388;,
  0.024816;0.264194;-0.521767;,
  0.026642;0.258576;-0.514897;,
  0.024816;0.264194;-0.521767;,
  0.032340;0.263980;-0.513388;,
  0.005015;0.262124;-0.530083;,
  0.017368;0.265074;-0.529546;,
  0.017015;0.258307;-0.525525;,
  0.024816;0.264194;-0.521767;,
  0.017015;0.258307;-0.525525;,
  0.017368;0.265074;-0.529546;,
  0.017015;0.258307;-0.525525;,
  0.024816;0.264194;-0.521767;,
  0.022439;0.258209;-0.518829;,
  0.024816;0.264194;-0.521767;,
  0.026642;0.258576;-0.514897;,
  0.022439;0.258209;-0.518829;,
  0.021403;0.256874;-0.512352;,
  0.022439;0.258209;-0.518829;,
  0.026642;0.258576;-0.514897;,
  0.026642;0.258576;-0.514897;,
  0.032340;0.263980;-0.513388;,
  0.026642;0.258576;-0.514897;,
  0.032340;0.263980;-0.513388;,
  0.035466;0.263364;-0.505615;,
  0.032340;0.263980;-0.513388;,
  0.036926;0.270776;-0.498424;,
  0.035466;0.263364;-0.505615;,
  0.040786;0.264799;-0.487290;,
  0.035466;0.263364;-0.505615;,
  0.036926;0.270776;-0.498424;,
  0.022439;0.258209;-0.518829;,
  0.018346;0.255975;-0.515986;,
  0.018346;0.255975;-0.515986;,
  0.017015;0.258307;-0.525525;,
  0.022439;0.258209;-0.518829;,
  0.017015;0.258307;-0.525525;,
  0.018346;0.255975;-0.515986;,
  0.014358;0.254803;-0.520728;,
  0.005642;0.256106;-0.524119;,
  0.017015;0.258307;-0.525525;,
  0.017015;0.258307;-0.525525;,
  0.005015;0.262124;-0.530083;,
  0.000000;0.256395;-0.522544;,
  0.005015;0.262124;-0.530083;,
  0.005015;0.262124;-0.530083;,
  0.000000;0.262421;-0.526384;,
  0.000000;0.272293;-0.528255;,
  0.005015;0.262124;-0.530083;,
  0.010343;0.291256;-0.532128;,
  0.009400;0.295972;-0.524020;,
  0.010343;0.291256;-0.532128;,
  0.000000;0.295162;-0.536023;,
  0.005734;0.287943;-0.536892;,
  0.010343;0.291256;-0.532128;,
  0.005734;0.287943;-0.536892;,
  0.000000;0.289529;-0.537249;,
  0.005734;0.287943;-0.536892;,
  0.000000;0.278856;-0.533884;,
  0.005361;0.279870;-0.534028;,
  0.005734;0.287943;-0.536892;,
  0.005361;0.279870;-0.534028;,
  0.005361;0.279870;-0.534028;,
  0.006045;0.270027;-0.534078;,
  0.005015;0.262124;-0.530083;,
  0.006045;0.270027;-0.534078;,
  0.017368;0.265074;-0.529546;,
  0.005015;0.262124;-0.530083;,
  0.006045;0.270027;-0.534078;,
  0.046778;0.245848;-0.517458;,
  0.052100;0.242859;-0.513069;,
  0.052562;0.243200;-0.513992;,
  0.057135;0.238819;-0.510168;,
  0.052171;0.242403;-0.513978;,
  0.045998;0.244580;-0.517524;,
  0.014655;0.259580;-0.522415;,
  0.009594;0.254004;-0.524241;,
  0.008442;0.263274;-0.526279;,
  0.009594;0.254004;-0.524241;,
  0.015509;0.252504;-0.520934;,
  0.013966;0.248015;-0.518418;,
  0.009594;0.254004;-0.524241;,
  0.015509;0.252504;-0.520934;,
  0.020010;0.256242;-0.516943;,
  0.015509;0.252504;-0.520934;,
  0.000000;0.254288;-0.525485;,
  0.000000;0.262921;-0.524863;,
  0.009594;0.254004;-0.524241;,
  0.009728;0.246985;-0.521332;,
  0.009594;0.254004;-0.524241;,
  0.009594;0.254004;-0.524241;,
