xof 0303txt 0032
template ColorRGBA {
 <35ff44e0-6c7c-11cf-8f52-0040333594a3>
 FLOAT red;
 FLOAT green;
 FLOAT blue;
 FLOAT alpha;
}

template ColorRGB {
 <d3e16e81-7835-11cf-8f52-0040333594a3>
 FLOAT red;
 FLOAT green;
 FLOAT blue;
}

template Material {
 <3d82ab4d-62da-11cf-ab39-0020af71e433>
 ColorRGBA faceColor;
 FLOAT power;
 ColorRGB specularColor;
 ColorRGB emissiveColor;
 [...]
}

template TextureFilename {
 <a42790e1-7810-11cf-8f52-0040333594a3>
 STRING filename;
}

template Frame {
 <3d82ab46-62da-11cf-ab39-0020af71e433>
 [...]
}

template Matrix4x4 {
 <f6f23f45-7686-11cf-8f52-0040333594a3>
 array FLOAT matrix[16];
}

template FrameTransformMatrix {
 <f6f23f41-7686-11cf-8f52-0040333594a3>
 Matrix4x4 frameMatrix;
}

template Vector {
 <3d82ab5e-62da-11cf-ab39-0020af71e433>
 FLOAT x;
 FLOAT y;
 FLOAT z;
}

template MeshFace {
 <3d82ab5f-62da-11cf-ab39-0020af71e433>
 DWORD nFaceVertexIndices;
 array DWORD faceVertexIndices[nFaceVertexIndices];
}

template Mesh {
 <3d82ab44-62da-11cf-ab39-0020af71e433>
 DWORD nVertices;
 array Vector vertices[nVertices];
 DWORD nFaces;
 array MeshFace faces[nFaces];
 [...]
}

template MeshMaterialList {
 <f6f23f42-7686-11cf-8f52-0040333594a3>
 DWORD nMaterials;
 DWORD nFaceIndexes;
 array DWORD faceIndexes[nFaceIndexes];
 [Material <3d82ab4d-62da-11cf-ab39-0020af71e433>]
}

template VertexElement {
 <f752461c-1e23-48f6-b9f8-8350850f336f>
 DWORD Type;
 DWORD Method;
 DWORD Usage;
 DWORD UsageIndex;
}

template DeclData {
 <bf22e553-292c-4781-9fea-62bd554bdd93>
 DWORD nElements;
 array VertexElement Elements[nElements];
 DWORD nDWords;
 array DWORD data[nDWords];
}

template XSkinMeshHeader {
 <3cf169ce-ff7c-44ab-93c0-f78f62d172e2>
 WORD nMaxSkinWeightsPerVertex;
 WORD nMaxSkinWeightsPerFace;
 WORD nBones;
}

template SkinWeights {
 <6f0d123b-bad2-4167-a0d0-80224f25fabb>
 STRING transformNodeName;
 DWORD nWeights;
 array DWORD vertexIndices[nWeights];
 array FLOAT weights[nWeights];
 Matrix4x4 matrixOffset;
}

template AnimTicksPerSecond {
 <9e415a43-7ba6-4a73-8743-b73d47e88476>
 DWORD AnimTicksPerSecond;
}

template Animation {
 <3d82ab4f-62da-11cf-ab39-0020af71e433>
 [...]
}

template AnimationSet {
 <3d82ab50-62da-11cf-ab39-0020af71e433>
 [Animation <3d82ab4f-62da-11cf-ab39-0020af71e433>]
}

template FloatKeys {
 <10dd46a9-775b-11cf-8f52-0040333594a3>
 DWORD nValues;
 array FLOAT values[nValues];
}

template TimedFloatKeys {
 <f406b180-7b3b-11cf-8f52-0040333594a3>
 DWORD time;
 FloatKeys tfkeys;
}

template AnimationKey {
 <10dd46a8-775b-11cf-8f52-0040333594a3>
 DWORD keyType;
 DWORD nKeys;
 array TimedFloatKeys keys[nKeys];
}


Material BigGuy_BodyA_XTX_MAT_INST {
 1.000000;1.000000;1.000000;1.000000;;
 10.000000;
 0.000000;0.000000;0.000000;;
 0.000000;0.000000;0.000000;;

 TextureFilename {
  "BigGuy_BodyA_DM.tga";
 }
}

Material BigGuy_HeadA_ATN_MAT_INST {
 1.000000;1.000000;1.000000;1.000000;;
 10.000000;
 0.000000;0.000000;0.000000;;
 0.000000;0.000000;0.000000;;

 TextureFilename {
  "BigGuy_HeadA_DM.tga";
 }
}

Frame Root {
 

 FrameTransformMatrix {
  1.000000,0.000000,0.000000,0.000000,0.000000,1.000000,0.000000,0.000000,0.000000,0.000000,1.000000,0.000000,0.000000,0.000000,0.000000,1.000000;;
 }

 Frame RefBox {
  

  FrameTransformMatrix {
   1.000000,0.000000,0.000000,0.000000,0.000000,1.000000,0.000000,0.000000,0.000000,0.000000,1.000000,0.000000,0.000000,0.000000,0.000000,1.000000;;
  }
 }

 Frame Refbox_Align {
  

  FrameTransformMatrix {
   1.000000,0.000000,0.000000,0.000000,0.000000,1.000000,0.000000,0.000000,0.000000,0.000000,1.000000,0.000000,0.000000,0.000000,0.000000,1.000000;;
  }
 }

 Frame Bip01 {
  

  FrameTransformMatrix {
   -0.026248,-0.098772,-0.994764,0.000000,0.000256,0.995106,-0.098813,0.000000,0.999656,-0.002848,-0.026094,0.000000,0.000000,0.797468,0.043599,1.000000;;
  }

  Frame Bip01-Pelvis {
   

   FrameTransformMatrix {
    -0.000000,1.000000,-0.000001,0.000000,-0.000002,0.000001,1.000000,0.000000,1.000000,-0.000000,0.000001,0.000000,0.000000,0.000000,0.000000,1.000000;;
   }

   Frame Bip01-Spine {
    

    FrameTransformMatrix {
     0.998620,0.008098,-0.051890,0.000000,-0.007644,0.999931,0.008930,0.000000,0.051958,-0.008521,0.998613,0.000000,0.136906,0.000000,-0.000138,1.000000;;
    }

    Frame Bip01-Spine1 {
     

     FrameTransformMatrix {
      0.998529,0.002154,-0.054178,0.000000,-0.001995,0.999994,0.002985,0.000000,0.054184,-0.002872,0.998527,0.000000,0.173675,-0.000000,-0.000164,1.000000;;
     }

     Frame Bip01-Spine2 {
      

      FrameTransformMatrix {
       0.991602,0.002492,-0.129306,0.000000,-0.002137,0.999994,0.002891,0.000000,0.129312,-0.002591,0.991600,0.000000,0.205889,-0.000000,-0.000243,1.000000;;
      }

      Frame Bip01-Neck {
       

       FrameTransformMatrix {
        0.967190,0.050044,0.249078,0.000000,-0.050443,0.998715,-0.004787,0.000000,-0.248998,-0.007935,0.968471,0.000000,0.393501,0.000000,0.006234,1.000000;;
       }

       Frame Bip01-Head {
        

        FrameTransformMatrix {
         0.989882,-0.022198,-0.140151,0.000000,0.023706,0.999678,0.009100,0.000000,0.139904,-0.012330,0.990088,0.000000,0.062841,0.000000,0.000000,1.000000;;
        }

        Frame Facial_EyeLids {
         

         FrameTransformMatrix {
          0.119634,0.000003,0.992818,0.000000,-0.000003,1.000000,-0.000002,0.000000,-0.992818,-0.000003,0.119634,0.000000,0.126072,0.000000,0.043104,1.000000;;
         }
        }

        Frame Facial_Eye_L {
         

         FrameTransformMatrix {
          0.146998,0.035857,0.988487,0.000000,0.989033,0.009155,-0.147412,0.000000,-0.014335,0.999315,-0.034118,0.000000,0.145143,0.052240,0.125644,1.000000;;
         }
        }

        Frame Facial_Eye_R {
         

         FrameTransformMatrix {
          -0.146997,0.035854,-0.988487,0.000000,-0.989033,0.009156,0.147411,0.000000,0.014336,0.999315,0.034115,0.000000,0.145145,-0.052243,0.125640,1.000000;;
         }
        }

        Frame Facial_Cheek_Low_L {
         

         FrameTransformMatrix {
          -0.007076,0.408755,-0.912617,0.000000,-0.087721,-0.909375,-0.406623,0.000000,-0.996120,0.077179,0.042291,0.000000,0.048736,0.070775,0.163177,1.000000;;
         }
        }

        Frame Facial_Cheek_Low_R {
         

         FrameTransformMatrix {
          -0.007075,-0.408761,-0.912614,0.000000,0.087717,-0.909373,0.406629,0.000000,-0.996120,-0.077175,0.042289,0.000000,0.048736,-0.070774,0.163178,1.000000;;
         }
        }

        Frame Facial_Jaw {
         

         FrameTransformMatrix {
          -0.461838,0.000003,0.886964,0.000000,-0.000003,1.000000,-0.000004,0.000000,-0.886964,-0.000004,-0.461838,0.000000,0.048682,0.000000,0.080569,1.000000;;
         }
        }
       }
      }

      Frame Bip01-L-Clavicle {
       

       FrameTransformMatrix {
        -0.169261,0.977546,-0.125515,0.000000,0.985571,0.167889,-0.021508,0.000000,0.000048,-0.127344,-0.991858,0.000000,0.218493,0.145180,-0.005915,1.000000;;
       }

       Frame Bip01-L-UpperArm {
        

        FrameTransformMatrix {
         0.417502,-0.864007,0.281399,0.000000,0.853998,0.267288,-0.446369,0.000000,0.310451,0.426674,0.849453,0.000000,0.168008,0.000000,-0.000000,1.000000;;
        }

        Frame Bip01-L-Forearm {
         

         FrameTransformMatrix {
          0.856697,0.000000,-0.515820,0.000000,0.000000,1.000000,-0.000000,0.000000,0.515820,-0.000000,0.856697,0.000000,0.297808,0.000000,0.000000,1.000000;;
         }

         Frame Bip01-L-Hand {
          

          FrameTransformMatrix {
           0.976480,0.205972,0.063735,0.000000,-0.077429,0.059110,0.995244,0.000000,0.201225,-0.976771,0.073668,0.000000,0.356674,-0.000000,-0.000000,1.000000;;
          }

          Frame Bip01-L-Finger0 {
           

           FrameTransformMatrix {
            0.881497,-0.384203,0.274502,0.000000,0.334004,0.096416,-0.937627,0.000000,0.333773,0.918201,0.213316,0.000000,0.065102,-0.064395,0.045190,1.000000;;
           }

           Frame Bip01-L-Finger01 {
            

            FrameTransformMatrix {
             0.728890,0.000000,0.684631,0.000000,-0.000000,1.000000,0.000000,0.000000,-0.684631,-0.000000,0.728890,0.000000,0.056816,0.000000,-0.000000,1.000000;;
            }
           }
          }

          Frame Bip01-L-Finger1 {
           

           FrameTransformMatrix {
            0.858760,-0.003848,0.512363,0.000000,0.128137,0.969810,-0.207486,0.000000,-0.496096,0.243833,0.833327,0.000000,0.123529,-0.058534,0.016979,1.000000;;
           }

           Frame Bip01-L-Finger11 {
            

            FrameTransformMatrix {
             0.643094,-0.000000,0.765788,0.000000,0.000000,1.000000,0.000000,0.000000,-0.765788,0.000000,0.643094,0.000000,0.061207,0.000000,-0.000000,1.000000;;
            }
           }
          }

          Frame Bip01-L-Finger2 {
           

           FrameTransformMatrix {
            0.902489,-0.057875,0.426807,0.000000,0.169814,0.958475,-0.229106,0.000000,-0.395824,0.279243,0.874841,0.000000,0.118508,0.017504,0.015085,1.000000;;
           }

           Frame Bip01-L-Finger21 {
            

            FrameTransformMatrix {
             0.718046,-0.000000,0.695996,0.000000,-0.000000,1.000000,0.000000,0.000000,-0.695996,-0.000000,0.718045,0.000000,0.063412,-0.000000,0.000000,1.000000;;
            }
           }
          }
         }
        }
       }
      }

      Frame Bip01-R-Clavicle {
       

       FrameTransformMatrix {
        -0.169261,-0.977546,-0.125515,0.000000,-0.985571,0.167889,0.021508,0.000000,0.000048,0.127344,-0.991859,0.000000,0.218493,-0.145180,-0.005914,1.000000;;
       }

       Frame Bip01-R-UpperArm {
        

        FrameTransformMatrix {
         0.417502,0.864007,0.281399,0.000000,-0.853998,0.267287,0.446369,0.000000,0.310451,-0.426674,0.849452,0.000000,0.168008,-0.000000,-0.000000,1.000000;;
        }

        Frame Bip01-R-Forearm {
         

         FrameTransformMatrix {
          0.856697,0.000000,-0.515820,0.000000,0.000000,1.000000,0.000000,0.000000,0.515820,-0.000000,0.856697,0.000000,0.297807,0.000000,0.000000,1.000000;;
         }

         Frame Bip01-R-Hand {
          

          FrameTransformMatrix {
           0.976467,-0.206021,0.063777,0.000000,0.077464,0.059058,-0.995245,0.000000,0.201275,0.976764,0.073627,0.000000,0.356674,0.000000,0.000000,1.000000;;
          }

          Frame Bip01-R-Finger0 {
           

           FrameTransformMatrix {
            0.881467,0.384265,0.274511,0.000000,-0.333993,0.096315,0.937642,0.000000,0.333863,-0.918185,0.213240,0.000000,0.065102,0.064395,0.045190,1.000000;;
           }

           Frame Bip01-R-Finger01 {
            

            FrameTransformMatrix {
             0.728891,-0.000000,0.684629,0.000000,-0.000000,1.000000,-0.000000,0.000000,-0.684629,-0.000000,0.728891,0.000000,0.056816,-0.000000,0.000000,1.000000;;
            }
           }
          }

          Frame Bip01-R-Finger1 {
           

           FrameTransformMatrix {
            0.858760,0.003848,0.512363,0.000000,-0.128138,0.969810,0.207486,0.000000,-0.496096,-0.243833,0.833327,0.000000,0.123529,0.058534,0.016979,1.000000;;
           }

           Frame Bip01-R-Finger11 {
            

            FrameTransformMatrix {
             0.643094,-0.000000,0.765788,0.000000,0.000000,1.000000,0.000000,0.000000,-0.765788,0.000000,0.643094,0.000000,0.061207,0.000000,0.000000,1.000000;;
            }
           }
          }

          Frame Bip01-R-Finger2 {
           

           FrameTransformMatrix {
            0.902489,0.057875,0.426807,0.000000,-0.169814,0.958475,0.229106,0.000000,-0.395824,-0.279243,0.874841,0.000000,0.118508,-0.017504,0.015085,1.000000;;
           }

           Frame Bip01-R-Finger21 {
            

            FrameTransformMatrix {
             0.718046,0.000000,0.695996,0.000000,0.000000,1.000000,-0.000000,0.000000,-0.695996,0.000000,0.718046,0.000000,0.063413,-0.000000,0.000000,1.000000;;
            }
           }
          }

          Frame Bip01-Prop1 {
           

           FrameTransformMatrix {
            -0.515423,0.575730,0.634724,0.000000,0.680922,0.724855,-0.104547,0.000000,-0.520274,0.378312,-0.765634,0.000000,0.000000,0.000000,0.000000,1.000000;;
           }
          }
         }
        }
       }
      }
     }
    }
   }

   Frame Bip01-L-Thigh {
    

    FrameTransformMatrix {
     -0.994309,-0.014277,0.105569,0.000000,0.031352,-0.986308,0.161905,0.000000,0.101813,0.164293,0.981143,0.000000,-0.000000,0.177194,0.000000,1.000000;;
    }

    Frame Bip01-L-Calf {
     

     FrameTransformMatrix {
      0.985469,0.000000,-0.169856,0.000000,-0.000000,1.000000,0.000000,0.000000,0.169856,-0.000000,0.985469,0.000000,0.358480,0.000000,0.000000,1.000000;;
     }

     Frame Bip01-L-Foot {
      

      FrameTransformMatrix {
       0.982438,-0.018522,0.185669,0.000000,0.012344,0.999333,0.034380,0.000000,-0.186182,-0.031484,0.982011,0.000000,0.345617,-0.000000,0.000000,1.000000;;
      }

      Frame Bip01-L-Toe0 {
       

       FrameTransformMatrix {
        -0.000702,0.004201,0.999991,0.000000,0.000047,0.999991,-0.004201,0.000000,-1.000000,0.000044,-0.000702,0.000000,0.094655,-0.000000,0.099608,1.000000;;
       }
      }
     }
    }
   }

   Frame Bip01-R-Thigh {
    

    FrameTransformMatrix {
     -0.990626,0.011616,0.136109,0.000000,-0.032278,-0.988068,-0.150600,0.000000,0.132736,-0.153581,0.979180,0.000000,0.000000,-0.177194,-0.000000,1.000000;;
    }

    Frame Bip01-R-Calf {
     

     FrameTransformMatrix {
      0.983800,0.000000,-0.179268,0.000000,-0.000000,1.000000,0.000000,0.000000,0.179268,-0.000000,0.983800,0.000000,0.358480,-0.000000,0.000000,1.000000;;
     }

     Frame Bip01-R-Foot {
      

      FrameTransformMatrix {
       0.986449,0.012479,0.163592,0.000000,-0.009662,0.999791,-0.018005,0.000000,-0.163782,0.016180,0.986364,0.000000,0.345617,-0.000000,-0.000000,1.000000;;
      }

      Frame Bip01-R-Toe0 {
       

       FrameTransformMatrix {
        -0.000367,0.002892,0.999996,0.000000,0.000303,0.999996,-0.002892,0.000000,-1.000000,0.000302,-0.000368,0.000000,0.094655,-0.000000,0.099608,1.000000;;
       }
      }
     }
    }
   }
  }
 }
}

Frame SK_BigGuy_A {
 

 FrameTransformMatrix {
  1.000000,0.000000,0.000000,0.000000,0.000000,1.000000,0.000000,0.000000,0.000000,0.000000,1.000000,0.000000,0.000000,0.000000,0.000000,1.000000;;
 }

 Mesh SK_BigGuy_A {
  11186;
  0.716384;1.005343;-0.082962;,
  0.710862;1.019289;-0.114717;,
  0.705591;0.992091;-0.131841;,
  0.724717;0.961700;-0.127444;,
  0.706575;0.971187;-0.154492;,
  0.718697;0.954175;-0.176333;,
  0.724717;0.961700;-0.127444;,
  0.724717;0.961700;-0.127444;,
  0.727927;0.984838;-0.090933;,
  0.727927;0.984838;-0.090933;,
  0.740945;0.984248;-0.047824;,
  0.727927;0.984838;-0.090933;,
  0.740945;0.984248;-0.047824;,
  0.734288;1.006359;-0.052806;,
  0.773085;0.998770;-0.037225;,
  0.740945;0.984248;-0.047824;,
  0.773085;0.998770;-0.037225;,
  0.759382;1.020305;-0.039487;,
  0.773085;0.998770;-0.037225;,
  0.781058;1.042307;-0.053274;,
  0.773085;0.998770;-0.037225;,
  0.789650;1.016533;-0.056219;,
  0.799069;0.911027;-0.077091;,
  0.768966;0.950356;-0.058984;,
  0.761757;0.958741;-0.100521;,
  0.740945;0.984248;-0.047824;,
  0.761757;0.958741;-0.100521;,
  0.768966;0.950356;-0.058984;,
  0.740945;0.984248;-0.047824;,
  0.727927;0.984838;-0.090933;,
  0.761757;0.958741;-0.100521;,
  0.761757;0.958741;-0.100521;,
  0.727927;0.984838;-0.090933;,
  0.724717;0.961700;-0.127444;,
  0.820236;0.985380;-0.103647;,
  0.817527;0.995773;-0.139715;,
  0.787980;1.037885;-0.119351;,
  0.820236;0.985380;-0.103647;,
  0.787980;1.037885;-0.119351;,
  0.796880;1.031109;-0.089788;,
  0.796880;1.031109;-0.089788;,
  0.812932;0.972837;-0.063570;,
  0.820236;0.985380;-0.103647;,
  0.796880;1.031109;-0.089788;,
  0.789650;1.016533;-0.056219;,
  0.812932;0.972837;-0.063570;,
  0.795788;0.958985;-0.050440;,
  0.812932;0.972837;-0.063570;,
  0.789650;1.016533;-0.056219;,
  0.795788;0.958985;-0.050440;,
  0.789650;1.016533;-0.056219;,
  0.773085;0.998770;-0.037225;,
  0.740945;0.984248;-0.047824;,
  0.795788;0.958985;-0.050440;,
  0.773085;0.998770;-0.037225;,
  0.740945;0.984248;-0.047824;,
  0.768966;0.950356;-0.058984;,
  0.795788;0.958985;-0.050440;,
  0.768966;0.950356;-0.058984;,
  0.816975;0.919667;-0.068128;,
  0.795788;0.958985;-0.050440;,
  0.768966;0.950356;-0.058984;,
  0.799069;0.911027;-0.077091;,
  0.816975;0.919667;-0.068128;,
  0.820846;0.905294;-0.075689;,
  0.816975;0.919667;-0.068128;,
  0.799069;0.911027;-0.077091;,
  0.816975;0.919667;-0.068128;,
  0.812932;0.972837;-0.063570;,
  0.795788;0.958985;-0.050440;,
  0.812932;0.972837;-0.063570;,
  0.838120;0.940924;-0.109457;,
  0.820236;0.985380;-0.103647;,
  0.834638;0.914084;-0.078893;,
  0.831643;0.927303;-0.075178;,
  0.816975;0.919667;-0.068128;,
  0.834638;0.914084;-0.078893;,
  0.816975;0.919667;-0.068128;,
  0.820846;0.905294;-0.075689;,
  0.820846;0.905294;-0.075689;,
  0.837289;0.888010;-0.089587;,
  0.834638;0.914084;-0.078893;,
  0.834638;0.914084;-0.078893;,
  0.837289;0.888010;-0.089587;,
  0.839171;0.893802;-0.105528;,
  0.837289;0.888010;-0.089587;,
  0.840074;0.886816;-0.109849;,
  0.839171;0.893802;-0.105528;,
  0.839171;0.893802;-0.105528;,
  0.840074;0.886816;-0.109849;,
  0.826052;0.884334;-0.115686;,
  0.840074;0.886816;-0.109849;,
  0.838572;0.878074;-0.111380;,
  0.799069;0.911027;-0.077091;,
  0.761757;0.958741;-0.100521;,
  0.794463;0.916777;-0.110720;,
  0.794463;0.916777;-0.110720;,
  0.809717;0.900417;-0.083024;,
  0.799069;0.911027;-0.077091;,
  0.820846;0.905294;-0.075689;,
  0.799069;0.911027;-0.077091;,
  0.809717;0.900417;-0.083024;,
  0.809717;0.900417;-0.083024;,
  0.826708;0.883065;-0.085010;,
  0.820846;0.905294;-0.075689;,
  0.820846;0.905294;-0.075689;,
  0.826708;0.883065;-0.085010;,
  0.837289;0.888010;-0.089587;,
  0.826708;0.883065;-0.085010;,
  0.838531;0.879475;-0.092533;,
  0.837289;0.888010;-0.089587;,
  0.837289;0.888010;-0.089587;,
  0.838531;0.879475;-0.092533;,
  0.840074;0.886816;-0.109849;,
  0.838935;0.872854;-0.095671;,
  0.840074;0.886816;-0.109849;,
  0.838531;0.879475;-0.092533;,
  0.838935;0.872854;-0.095671;,
  0.838572;0.878074;-0.111380;,
  0.840074;0.886816;-0.109849;,
  0.838935;0.872854;-0.095671;,
  0.834964;0.864301;-0.114066;,
  0.838572;0.878074;-0.111380;,
  0.833885;0.853272;-0.104013;,
  0.823835;0.851771;-0.096646;,
  0.823488;0.838636;-0.104730;,
  0.823835;0.851771;-0.096646;,
  0.833885;0.853272;-0.104013;,
  0.835534;0.859666;-0.101289;,
  0.828109;0.876728;-0.087579;,
  0.823835;0.851771;-0.096646;,
  0.835534;0.859666;-0.101289;,
  0.828109;0.876728;-0.087579;,
  0.835534;0.859666;-0.101289;,
  0.838935;0.872854;-0.095671;,
  0.828109;0.876728;-0.087579;,
  0.838935;0.872854;-0.095671;,
  0.838531;0.879475;-0.092533;,
  0.826708;0.883065;-0.085010;,
  0.828109;0.876728;-0.087579;,
  0.838531;0.879475;-0.092533;,
  0.815282;0.882030;-0.091849;,
  0.828109;0.876728;-0.087579;,
  0.826708;0.883065;-0.085010;,
  0.809717;0.900417;-0.083024;,
  0.815282;0.882030;-0.091849;,
  0.826708;0.883065;-0.085010;,
  0.809497;0.902032;-0.101773;,
  0.815282;0.882030;-0.091849;,
  0.809717;0.900417;-0.083024;,
  0.794463;0.916777;-0.110720;,
  0.809497;0.902032;-0.101773;,
  0.809717;0.900417;-0.083024;,
  0.823488;0.838636;-0.104730;,
  0.823835;0.851771;-0.096646;,
  0.813893;0.853382;-0.103149;,
  0.816388;0.878377;-0.093602;,
  0.813893;0.853382;-0.103149;,
  0.823835;0.851771;-0.096646;,
  0.816388;0.878377;-0.093602;,
  0.823835;0.851771;-0.096646;,
  0.828109;0.876728;-0.087579;,
  0.815282;0.882030;-0.091849;,
  0.816388;0.878377;-0.093602;,
  0.828109;0.876728;-0.087579;,
  0.813896;0.886109;-0.106053;,
  0.816388;0.878377;-0.093602;,
  0.815282;0.882030;-0.091849;,
  0.809497;0.902032;-0.101773;,
  0.813896;0.886109;-0.106053;,
  0.815282;0.882030;-0.091849;,
  0.827080;0.906043;-0.110166;,
  0.813896;0.886109;-0.106053;,
  0.809497;0.902032;-0.101773;,
  0.809497;0.902032;-0.101773;,
  0.809776;0.904108;-0.111562;,
  0.809776;0.904108;-0.111562;,
  0.827710;0.909832;-0.113321;,
  0.826225;0.889992;-0.113542;,
  0.813896;0.886109;-0.106053;,
  0.814770;0.882945;-0.106903;,
  0.813896;0.886109;-0.106053;,
  0.813896;0.886109;-0.106053;,
  0.814770;0.882945;-0.106903;,
  0.816388;0.878377;-0.093602;,
  0.816388;0.878377;-0.093602;,
  0.814770;0.882945;-0.106903;,
  0.813509;0.858540;-0.114544;,
  0.816388;0.878377;-0.093602;,
  0.813509;0.858540;-0.114544;,
  0.813893;0.853382;-0.103149;,
  0.815902;0.844483;-0.119085;,
  0.813893;0.853382;-0.103149;,
  0.813509;0.858540;-0.114544;,
  0.815902;0.844483;-0.119085;,
  0.816152;0.839248;-0.108542;,
  0.813893;0.853382;-0.103149;,
  0.826052;0.884334;-0.115686;,
  0.814770;0.882945;-0.106903;,
  0.813509;0.858540;-0.114544;,
  0.814770;0.882945;-0.106903;,
  0.824225;0.861506;-0.122749;,
  0.813509;0.858540;-0.114544;,
  0.815902;0.844483;-0.119085;,
  0.813509;0.858540;-0.114544;,
  0.815902;0.844483;-0.119085;,
  0.821453;0.847535;-0.124367;,
  0.826380;0.838863;-0.121008;,
  0.815902;0.844483;-0.119085;,
  0.815902;0.844483;-0.119085;,
  0.826856;0.835471;-0.111847;,
  0.815902;0.844483;-0.119085;,
  0.816152;0.839248;-0.108542;,
  0.816152;0.839248;-0.108542;,
  0.823488;0.838636;-0.104730;,
  0.823488;0.838636;-0.104730;,
  0.813893;0.853382;-0.103149;,
  0.816152;0.839248;-0.108542;,
  0.834964;0.864301;-0.114066;,
  0.838572;0.878074;-0.111380;,
  0.834964;0.864301;-0.114066;,
  0.824225;0.861506;-0.122749;,
  0.833155;0.857537;-0.115969;,
  0.834964;0.864301;-0.114066;,
  0.833155;0.857537;-0.115969;,
  0.821453;0.847535;-0.124367;,
  0.833155;0.857537;-0.115969;,
  0.830225;0.845224;-0.120213;,
  0.830225;0.845224;-0.120213;,
  0.826380;0.838863;-0.121008;,
  0.830225;0.845224;-0.120213;,
  0.830420;0.840468;-0.108485;,
  0.830420;0.840468;-0.108485;,
  0.826856;0.835471;-0.111847;,
  0.830420;0.840468;-0.108485;,
  0.823488;0.838636;-0.104730;,
  0.833885;0.853272;-0.104013;,
  0.823488;0.838636;-0.104730;,
  0.830420;0.840468;-0.108485;,
  0.830225;0.845224;-0.120213;,
  0.833885;0.853272;-0.104013;,
  0.830420;0.840468;-0.108485;,
  0.830225;0.845224;-0.120213;,
  0.833155;0.857537;-0.115969;,
  0.833885;0.853272;-0.104013;,
  0.834964;0.864301;-0.114066;,
  0.833885;0.853272;-0.104013;,
  0.833155;0.857537;-0.115969;,
  0.834964;0.864301;-0.114066;,
  0.835534;0.859666;-0.101289;,
  0.833885;0.853272;-0.104013;,
  0.838935;0.872854;-0.095671;,
  0.835534;0.859666;-0.101289;,
  0.834964;0.864301;-0.114066;,
  0.712738;1.065846;-0.003475;,
  0.707387;1.132553;0.008646;,
  0.679761;1.092560;0.021320;,
  0.712738;1.065846;-0.003475;,
  0.738655;1.098912;-0.016625;,
  0.707387;1.132553;0.008646;,
  0.675140;1.046506;-0.029587;,
  0.712738;1.065846;-0.003475;,
  0.679761;1.092560;0.021320;,
  0.675140;1.046506;-0.029587;,
  0.679761;1.092560;0.021320;,
  0.641051;1.071284;-0.010661;,
  0.586842;1.105958;0.013641;,
  0.641051;1.071284;-0.010661;,
  0.679761;1.092560;0.021320;,
  0.586842;1.105958;0.013641;,
  0.679761;1.092560;0.021320;,
  0.633071;1.128892;0.051955;,
  0.675517;1.175348;0.037995;,
  0.633071;1.128892;0.051955;,
  0.679761;1.092560;0.021320;,
  0.675517;1.175348;0.037995;,
  0.679761;1.092560;0.021320;,
  0.707387;1.132553;0.008646;,
  0.675517;1.175348;0.037995;,
  0.707387;1.132553;0.008646;,
  0.720814;1.157266;-0.024243;,
  0.738655;1.098912;-0.016625;,
  0.720814;1.157266;-0.024243;,
  0.707387;1.132553;0.008646;,
  0.738655;1.098912;-0.016625;,
  0.746114;1.117316;-0.047775;,
  0.720814;1.157266;-0.024243;,
  0.746114;1.117316;-0.047775;,
  0.719652;1.168140;-0.065308;,
  0.720814;1.157266;-0.024243;,
  0.689865;1.206159;0.003853;,
  0.720814;1.157266;-0.024243;,
  0.719652;1.168140;-0.065308;,
  0.689865;1.206159;0.003853;,
  0.719652;1.168140;-0.065308;,
  0.691313;1.216820;-0.039916;,
  0.719652;1.168140;-0.065308;,
  0.657773;1.220867;-0.089512;,
  0.691313;1.216820;-0.039916;,
  0.675517;1.175348;0.037995;,
  0.720814;1.157266;-0.024243;,
  0.689865;1.206159;0.003853;,
  0.556575;1.242277;-0.091747;,
  0.610538;1.274933;-0.064418;,
  0.657773;1.220867;-0.089512;,
  0.657773;1.220867;-0.089512;,
  0.644880;1.284592;-0.011826;,
  0.657773;1.220867;-0.089512;,
  0.691313;1.216820;-0.039916;,
  0.691313;1.216820;-0.039916;,
  0.643585;1.268340;0.037109;,
  0.691313;1.216820;-0.039916;,
  0.689865;1.206159;0.003853;,
  0.617177;1.231595;0.070304;,
  0.689865;1.206159;0.003853;,
  0.675517;1.175348;0.037995;,
  0.689865;1.206159;0.003853;,
  0.570231;1.185008;0.081914;,
  0.675517;1.175348;0.037995;,
  0.633071;1.128892;0.051955;,
  0.675517;1.175348;0.037995;,
  0.529622;1.155582;0.045352;,
  0.633071;1.128892;0.051955;,
  0.575357;1.146761;-0.083490;,
  0.516749;1.209568;-0.082277;,
  0.575357;1.146761;-0.083490;,
  0.564922;1.116191;-0.035027;,
  0.629769;1.074057;-0.044029;,
  0.575357;1.146761;-0.083490;,
  0.501111;1.171157;-0.021531;,
  0.692087;1.038217;-0.103811;,
  0.721202;1.041392;-0.134600;,
  0.710862;1.019289;-0.114717;,
  0.695528;1.025050;-0.073563;,
  0.692087;1.038217;-0.103811;,
  0.663269;1.067006;-0.090362;,
  0.692087;1.038217;-0.103811;,
  0.663269;1.067006;-0.090362;,
  0.665811;1.051530;-0.059281;,
  0.663269;1.067006;-0.090362;,
  0.663269;1.067006;-0.090362;,
  0.624596;1.098146;-0.085403;,
  0.575357;1.146761;-0.083490;,
  0.624596;1.098146;-0.085403;,
  0.612077;1.186057;-0.110259;,
  0.624596;1.098146;-0.085403;,
  0.575357;1.146761;-0.083490;,
  0.612077;1.186057;-0.110259;,
  0.575357;1.146761;-0.083490;,
  0.657773;1.220867;-0.089512;,
  0.612077;1.186057;-0.110259;,
  0.716384;1.005343;-0.082962;,
  0.760346;1.084441;-0.106022;,
  0.739668;1.079928;-0.123029;,
  0.713500;1.123101;-0.112690;,
  0.713500;1.123101;-0.112690;,
  0.739668;1.079928;-0.123029;,
  0.705076;1.058187;-0.123405;,
  0.713500;1.123101;-0.112690;,
  0.705076;1.058187;-0.123405;,
  0.678855;1.091051;-0.116312;,
  0.678855;1.091051;-0.116312;,
  0.705076;1.058187;-0.123405;,
  0.692087;1.038217;-0.103811;,
  0.678855;1.091051;-0.116312;,
  0.692087;1.038217;-0.103811;,
  0.663269;1.067006;-0.090362;,
  0.649938;1.133102;-0.115081;,
  0.678855;1.091051;-0.116312;,
  0.663269;1.067006;-0.090362;,
  0.649938;1.133102;-0.115081;,
  0.663269;1.067006;-0.090362;,
  0.624596;1.098146;-0.085403;,
  0.612077;1.186057;-0.110259;,
  0.649938;1.133102;-0.115081;,
  0.624596;1.098146;-0.085403;,
  0.657773;1.220867;-0.089512;,
  0.649938;1.133102;-0.115081;,
  0.612077;1.186057;-0.110259;,
  0.657773;1.220867;-0.089512;,
  0.689180;1.170097;-0.100642;,
  0.649938;1.133102;-0.115081;,
  0.692087;1.038217;-0.103811;,
  0.705076;1.058187;-0.123405;,
  0.750484;1.056839;-0.131668;,
  0.705076;1.058187;-0.123405;,
  0.705076;1.058187;-0.123405;,
  0.739668;1.079928;-0.123029;,
  0.772323;1.062288;-0.111133;,
  0.739668;1.079928;-0.123029;,
  0.713500;1.123101;-0.112690;,
  0.678855;1.091051;-0.116312;,
  0.649938;1.133102;-0.115081;,
  0.713500;1.123101;-0.112690;,
  0.649938;1.133102;-0.115081;,
  0.689180;1.170097;-0.100642;,
  0.740488;1.125140;-0.086312;,
  0.713500;1.123101;-0.112690;,
  0.689180;1.170097;-0.100642;,
  0.760346;1.084441;-0.106022;,
  0.713500;1.123101;-0.112690;,
  0.740488;1.125140;-0.086312;,
  0.769983;1.082154;-0.073338;,
  0.760346;1.084441;-0.106022;,
  0.740488;1.125140;-0.086312;,
  0.716384;1.005343;-0.082962;,
  0.734288;1.006359;-0.052806;,
  0.713981;1.022103;-0.039415;,
  0.745124;1.039486;-0.022947;,
  0.713981;1.022103;-0.039415;,
  0.745124;1.039486;-0.022947;,
  0.759382;1.020305;-0.039487;,
  0.745124;1.039486;-0.022947;,
  0.781058;1.042307;-0.053274;,
  0.745124;1.039486;-0.022947;,
  0.771590;1.064569;-0.039802;,
  0.771590;1.064569;-0.039802;,
  0.784266;1.058266;-0.083102;,
  0.771590;1.064569;-0.039802;,
  0.769983;1.082154;-0.073338;,
  0.769983;1.082154;-0.073338;,
  0.769983;1.082154;-0.073338;,
  0.760346;1.084441;-0.106022;,
  0.739668;1.079928;-0.123029;,
  0.760346;1.084441;-0.106022;,
  0.719652;1.168140;-0.065308;,
  0.689180;1.170097;-0.100642;,
  0.657773;1.220867;-0.089512;,
  0.740488;1.125140;-0.086312;,
  0.689180;1.170097;-0.100642;,
  0.719652;1.168140;-0.065308;,
  0.746114;1.117316;-0.047775;,
  0.740488;1.125140;-0.086312;,
  0.719652;1.168140;-0.065308;,
  0.769983;1.082154;-0.073338;,
  0.740488;1.125140;-0.086312;,
  0.746114;1.117316;-0.047775;,
  0.771590;1.064569;-0.039802;,
  0.769983;1.082154;-0.073338;,
  0.746114;1.117316;-0.047775;,
  0.771590;1.064569;-0.039802;,
  0.746114;1.117316;-0.047775;,
  0.738655;1.098912;-0.016625;,
  0.745124;1.039486;-0.022947;,
  0.771590;1.064569;-0.039802;,
  0.738655;1.098912;-0.016625;,
  0.745124;1.039486;-0.022947;,
  0.738655;1.098912;-0.016625;,
  0.712738;1.065846;-0.003475;,
  0.713981;1.022103;-0.039415;,
  0.745124;1.039486;-0.022947;,
  0.712738;1.065846;-0.003475;,
  0.713981;1.022103;-0.039415;,
  0.712738;1.065846;-0.003475;,
  0.675140;1.046506;-0.029587;,
  0.586842;1.105958;0.013641;,
  0.633071;1.128892;0.051955;,
  0.501111;1.171157;-0.021531;,
  0.586842;1.105958;0.013641;,
  0.564922;1.116191;-0.035027;,
  0.586842;1.105958;0.013641;,
  0.641051;1.071284;-0.010661;,
  0.586842;1.105958;0.013641;,
  0.629769;1.074057;-0.044029;,
  0.641051;1.071284;-0.010661;,
  0.641051;1.071284;-0.010661;,
  0.675140;1.046506;-0.029587;,
  0.665811;1.051530;-0.059281;,
  0.675140;1.046506;-0.029587;,
  0.675140;1.046506;-0.029587;,
  0.695528;1.025050;-0.073563;,
  0.675140;1.046506;-0.029587;,
  0.713981;1.022103;-0.039415;,
  0.713981;1.022103;-0.039415;,
  -0.001074;1.435570;-0.215144;,
  0.015768;1.420446;-0.220090;,
  -0.006457;1.417851;-0.232971;,
  0.012382;1.384238;-0.232028;,
  -0.006457;1.417851;-0.232971;,
  0.015768;1.420446;-0.220090;,
  0.012382;1.384238;-0.232028;,
  -0.013196;1.384227;-0.227038;,
  -0.006457;1.417851;-0.232971;,
  -0.029280;1.412579;-0.196542;,
  -0.028360;1.384221;-0.222957;,
  -0.031647;1.384212;-0.209036;,
  -0.003977;1.384219;-0.208979;,
  -0.031647;1.384212;-0.209036;,
  -0.028360;1.384221;-0.222957;,
  -0.003977;1.384219;-0.208979;,
  -0.028360;1.384221;-0.222957;,
  -0.013196;1.384227;-0.227038;,
  -0.013196;1.384227;-0.227038;,
  0.025300;1.384223;-0.214803;,
  -0.003977;1.384219;-0.208979;,
  -0.013196;1.384227;-0.227038;,
  0.012382;1.384238;-0.232028;,
  0.025300;1.384223;-0.214803;,
  0.012382;1.384238;-0.232028;,
  0.029805;1.421290;-0.203826;,
  0.025300;1.384223;-0.214803;,
  0.012382;1.384238;-0.232028;,
  0.015768;1.420446;-0.220090;,
  0.029805;1.421290;-0.203826;,
  0.004515;1.434890;-0.199899;,
  0.029805;1.421290;-0.203826;,
  0.015768;1.420446;-0.220090;,
  0.004515;1.434890;-0.199899;,
  0.015768;1.420446;-0.220090;,
  -0.001074;1.435570;-0.215144;,
  -0.021027;1.432279;-0.220608;,
  0.004515;1.434890;-0.199899;,
  -0.001074;1.435570;-0.215144;,
  -0.021027;1.432279;-0.220608;,
  -0.001074;1.435570;-0.215144;,
  -0.006457;1.417851;-0.232971;,
  -0.021027;1.432279;-0.220608;,
  -0.006457;1.417851;-0.232971;,
  -0.029927;1.413854;-0.219165;,
  -0.013196;1.384227;-0.227038;,
  -0.029927;1.413854;-0.219165;,
  -0.006457;1.417851;-0.232971;,
  -0.013196;1.384227;-0.227038;,
  -0.028360;1.384221;-0.222957;,
  -0.029927;1.413854;-0.219165;,
  -0.029280;1.412579;-0.196542;,
  -0.029927;1.413854;-0.219165;,
  -0.028360;1.384221;-0.222957;,
  -0.029927;1.413854;-0.219165;,
  -0.029280;1.412579;-0.196542;,
  -0.020990;1.427129;-0.197192;,
  -0.029927;1.413854;-0.219165;,
  -0.020990;1.427129;-0.197192;,
  -0.021027;1.432279;-0.220608;,
  -0.021027;1.432279;-0.220608;,
  -0.020990;1.427129;-0.197192;,
  0.004515;1.434890;-0.199899;,
  -0.003551;1.415829;-0.209534;,
  0.043227;1.457889;-0.189248;,
  0.043529;1.459001;-0.198369;,
  0.053169;1.452065;-0.211171;,
  -0.003551;1.415829;-0.209534;,
  0.043529;1.459001;-0.198369;,
  0.053169;1.452065;-0.211171;,
  0.010036;1.418335;-0.218837;,
  -0.003551;1.415829;-0.209534;,
  0.061580;1.439524;-0.202023;,
  0.010036;1.418335;-0.218837;,
  0.053169;1.452065;-0.211171;,
  0.061580;1.439524;-0.202023;,
  0.029805;1.421290;-0.203826;,
  0.010036;1.418335;-0.218837;,
  0.061580;1.439524;-0.202023;,
  0.060866;1.437928;-0.193437;,
  0.029805;1.421290;-0.203826;,
  -0.018879;1.417521;-0.216775;,
  -0.060971;1.462912;-0.189211;,
  -0.003551;1.415829;-0.209534;,
  -0.018879;1.417521;-0.216775;,
  -0.066654;1.446502;-0.201849;,
  -0.060971;1.462912;-0.189211;,
  -0.029280;1.412579;-0.196542;,
  -0.066654;1.446502;-0.201849;,
  -0.018879;1.417521;-0.216775;,
  -0.029280;1.412579;-0.196542;,
  -0.068131;1.437645;-0.194484;,
  -0.066654;1.446502;-0.201849;,
  0.013935;1.384251;-0.218090;,
  0.016330;1.384260;-0.206447;,
  0.039507;1.315547;-0.224814;,
  0.024062;1.314793;-0.242185;,
  0.006822;1.384208;-0.218982;,
  0.013935;1.384251;-0.218090;,
  0.024062;1.314793;-0.242185;,
  0.013935;1.384251;-0.218090;,
  0.036293;1.314567;-0.232255;,
  0.013935;1.384251;-0.218090;,
  0.039507;1.315547;-0.224814;,
  0.036293;1.314567;-0.232255;,
  0.036293;1.314567;-0.232255;,
  0.039507;1.315547;-0.224814;,
  0.049611;1.234043;-0.221111;,
  0.036293;1.314567;-0.232255;,
  0.049611;1.234043;-0.221111;,
  0.046592;1.234041;-0.230566;,
  0.046592;1.234041;-0.230566;,
  0.049611;1.234043;-0.221111;,
  0.043422;1.176650;-0.222195;,
  0.046592;1.234041;-0.230566;,
  0.043422;1.176650;-0.222195;,
  0.040179;1.185488;-0.229973;,
  0.040179;1.185488;-0.229973;,
  0.043422;1.176650;-0.222195;,
  0.027312;1.180139;-0.226447;,
  0.040179;1.185488;-0.229973;,
  0.027312;1.180139;-0.226447;,
  0.028759;1.190435;-0.235317;,
  0.028759;1.190435;-0.235317;,
  0.027312;1.180139;-0.226447;,
  0.011379;1.190380;-0.225315;,
  0.036293;1.314567;-0.232255;,
  0.029864;1.234067;-0.244047;,
  0.024062;1.314793;-0.242185;,
  0.036293;1.314567;-0.232255;,
  0.046592;1.234041;-0.230566;,
  0.029864;1.234067;-0.244047;,
  0.024062;1.314793;-0.242185;,
  0.029864;1.234067;-0.244047;,
  0.016215;1.234116;-0.240773;,
  0.029864;1.234067;-0.244047;,
  0.016809;1.198064;-0.233286;,
  0.016215;1.234116;-0.240773;,
  0.029864;1.234067;-0.244047;,
  0.028759;1.190435;-0.235317;,
  0.016809;1.198064;-0.233286;,
  0.046592;1.234041;-0.230566;,
  0.028759;1.190435;-0.235317;,
  0.029864;1.234067;-0.244047;,
  0.046592;1.234041;-0.230566;,
  0.040179;1.185488;-0.229973;,
  0.028759;1.190435;-0.235317;,
  0.028759;1.190435;-0.235317;,
  0.011379;1.190380;-0.225315;,
  0.016809;1.198064;-0.233286;,
  0.016809;1.198064;-0.233286;,
  0.011379;1.190380;-0.225315;,
  0.011322;1.234121;-0.229326;,
  0.016809;1.198064;-0.233286;,
  0.011322;1.234121;-0.229326;,
  0.016215;1.234116;-0.240773;,
  0.016215;1.234116;-0.240773;,
  0.011322;1.234121;-0.229326;,
  0.007587;1.311888;-0.229786;,
  0.016215;1.234116;-0.240773;,
  0.007587;1.311888;-0.229786;,
  0.012496;1.312894;-0.240165;,
  -0.001970;1.384192;-0.210828;,
  0.012496;1.312894;-0.240165;,
  0.007587;1.311888;-0.229786;,
  -0.001970;1.384192;-0.210828;,
  -0.000328;1.384199;-0.218308;,
  0.012496;1.312894;-0.240165;,
  0.012496;1.312894;-0.240165;,
  -0.000328;1.384199;-0.218308;,
  0.006822;1.384208;-0.218982;,
  0.012496;1.312894;-0.240165;,
  0.006822;1.384208;-0.218982;,
  0.024062;1.314793;-0.242185;,
  0.024062;1.314793;-0.242185;,
  0.016215;1.234116;-0.240773;,
  0.012496;1.312894;-0.240165;,
  0.000971;1.535054;-0.002845;,
  0.064576;1.743778;0.135932;,
  0.113024;1.748823;0.094288;,
  0.000971;1.535054;-0.002845;,
  -0.002647;1.736082;0.147075;,
  0.000971;1.535054;-0.002845;,
  -0.067201;1.738836;0.118602;,
  0.000971;1.535054;-0.002845;,
  -0.110645;1.731598;0.079450;,
  0.000971;1.535054;-0.002845;,
  -0.133853;1.704884;0.012056;,
  0.000971;1.535054;-0.002845;,
  -0.140191;1.649735;-0.070924;,
  0.000971;1.535054;-0.002845;,
  -0.132035;1.601430;-0.110647;,
  0.000971;1.535054;-0.002845;,
  -0.102977;1.551190;-0.160841;,
  0.000971;1.535054;-0.002845;,
  -0.087907;1.518293;-0.162705;,
  0.000971;1.535054;-0.002845;,
  -0.054726;1.481765;-0.181922;,
  0.000971;1.535054;-0.002845;,
  -0.000003;1.470391;-0.184819;,
  0.000971;1.535054;-0.002845;,
  0.017860;1.459712;-0.168819;,
  0.000971;1.535054;-0.002845;,
  0.055164;1.506859;-0.170506;,
  0.000971;1.535054;-0.002845;,
  0.089863;1.540301;-0.152189;,
  0.000971;1.535054;-0.002845;,
  0.142475;1.600256;-0.117451;,
  0.000971;1.535054;-0.002845;,
  0.145637;1.679325;-0.049693;,
  0.000971;1.535054;-0.002845;,
  0.141490;1.725377;0.012477;,
  0.000971;1.535054;-0.002845;,
  0.019144;1.479536;-0.185269;,
  0.017860;1.459712;-0.168819;,
  0.055164;1.506859;-0.170506;,
  -0.000003;1.470391;-0.184819;,
  0.019144;1.479536;-0.185269;,
  0.019144;1.479536;-0.185269;,
  0.068296;1.429080;-0.207067;,
  0.002692;1.308289;-0.216721;,
  -0.095027;1.376823;-0.216892;,
  -0.001612;1.382531;-0.208897;,
  0.002692;1.308289;-0.216721;,
  -0.001612;1.382531;-0.208897;,
  0.065804;1.386632;-0.221117;,
  -0.001612;1.382531;-0.208897;,
  0.068296;1.429080;-0.207067;,
  0.065804;1.386632;-0.221117;,
  -0.001612;1.382531;-0.208897;,
  -0.003551;1.415829;-0.209534;,
  0.068296;1.429080;-0.207067;,
  0.068296;1.429080;-0.207067;,
  -0.003551;1.415829;-0.209534;,
  -0.003551;1.415829;-0.209534;,
  -0.075305;1.412962;-0.196399;,
  -0.075305;1.412962;-0.196399;,
  -0.054726;1.481765;-0.181922;,
  -0.052986;1.466986;-0.219235;,
  -0.075305;1.412962;-0.196399;,
  -0.087907;1.518293;-0.162705;,
  -0.052986;1.466986;-0.219235;,
  -0.052986;1.466986;-0.219235;,
  -0.074450;1.493340;-0.196360;,
  0.002692;1.308289;-0.216721;,
  0.065804;1.386632;-0.221117;,
  0.066387;1.312520;-0.229831;,
  -0.075305;1.412962;-0.196399;,
  -0.003551;1.415829;-0.209534;,
  -0.001612;1.382531;-0.208897;,
  -0.075305;1.412962;-0.196399;,
  -0.001612;1.382531;-0.208897;,
  -0.095027;1.376823;-0.216892;,
  -0.069682;1.424944;-0.226012;,
  -0.075305;1.412962;-0.196399;,
  -0.095027;1.376823;-0.216892;,
  -0.095027;1.376823;-0.216892;,
  -0.105106;1.449679;-0.208238;,
  -0.069682;1.424944;-0.226012;,
  -0.105106;1.449679;-0.208238;,
  -0.052986;1.466986;-0.219235;,
  -0.069682;1.424944;-0.226012;,
  -0.105106;1.449679;-0.208238;,
  -0.074450;1.493340;-0.196360;,
  -0.052986;1.466986;-0.219235;,
  -0.052986;1.466986;-0.219235;,
  -0.075305;1.412962;-0.196399;,
  -0.069682;1.424944;-0.226012;,
  -0.074450;1.493340;-0.196360;,
  -0.102977;1.551190;-0.160841;,
  -0.126308;1.523964;-0.186428;,
  -0.074450;1.493340;-0.196360;,
  -0.126308;1.523964;-0.186428;,
  -0.074450;1.493340;-0.196360;,
  -0.105106;1.449679;-0.208238;,
  -0.159466;1.496203;-0.175183;,
  -0.126308;1.523964;-0.186428;,
  -0.105106;1.449679;-0.208238;,
  -0.159466;1.496203;-0.175183;,
  -0.105106;1.449679;-0.208238;,
  -0.138749;1.432817;-0.193119;,
  -0.095027;1.376823;-0.216892;,
  -0.138749;1.432817;-0.193119;,
  -0.105106;1.449679;-0.208238;,
  -0.095027;1.376823;-0.216892;,
  -0.141674;1.373683;-0.195309;,
  -0.138749;1.432817;-0.193119;,
  -0.138749;1.432817;-0.193119;,
  -0.141674;1.373683;-0.195309;,
  -0.212945;1.370969;-0.188882;,
  -0.308636;1.372180;-0.077931;,
  -0.267482;1.415768;-0.149873;,
  -0.260967;1.371215;-0.150999;,
  -0.267482;1.415768;-0.149873;,
  -0.212945;1.370969;-0.188882;,
  -0.260967;1.371215;-0.150999;,
  -0.267482;1.415768;-0.149873;,
  -0.214853;1.420618;-0.183850;,
  -0.212945;1.370969;-0.188882;,
  -0.138749;1.432817;-0.193119;,
  -0.212945;1.370969;-0.188882;,
  -0.214853;1.420618;-0.183850;,
  -0.138749;1.432817;-0.193119;,
  -0.214853;1.420618;-0.183850;,
  -0.217199;1.474791;-0.163963;,
  -0.138749;1.432817;-0.193119;,
  -0.217199;1.474791;-0.163963;,
  -0.159466;1.496203;-0.175183;,
  -0.217199;1.474791;-0.163963;,
  -0.178702;1.565032;-0.134083;,
  -0.159466;1.496203;-0.175183;,
  -0.178702;1.565032;-0.134083;,
  -0.126308;1.523964;-0.186428;,
  -0.159466;1.496203;-0.175183;,
  -0.178702;1.565032;-0.134083;,
  -0.159989;1.582823;-0.143479;,
  -0.126308;1.523964;-0.186428;,
  -0.159989;1.582823;-0.143479;,
  -0.126308;1.523964;-0.186428;,
  -0.267482;1.415768;-0.149873;,
  -0.217199;1.474791;-0.163963;,
