xof 0303txt 0032
template ColorRGBA {
 <35ff44e0-6c7c-11cf-8f52-0040333594a3>
 FLOAT red;
 FLOAT green;
 FLOAT blue;
 FLOAT alpha;
}

template ColorRGB {
 <d3e16e81-7835-11cf-8f52-0040333594a3>
 FLOAT red;
 FLOAT green;
 FLOAT blue;
}

template Material {
 <3d82ab4d-62da-11cf-ab39-0020af71e433>
 ColorRGBA faceColor;
 FLOAT power;
 ColorRGB specularColor;
 ColorRGB emissiveColor;
 [...]
}

template TextureFilename {
 <a42790e1-7810-11cf-8f52-0040333594a3>
 STRING filename;
}

template Frame {
 <3d82ab46-62da-11cf-ab39-0020af71e433>
 [...]
}

template Matrix4x4 {
 <f6f23f45-7686-11cf-8f52-0040333594a3>
 array FLOAT matrix[16];
}

template FrameTransformMatrix {
 <f6f23f41-7686-11cf-8f52-0040333594a3>
 Matrix4x4 frameMatrix;
}

template Vector {
 <3d82ab5e-62da-11cf-ab39-0020af71e433>
 FLOAT x;
 FLOAT y;
 FLOAT z;
}

template MeshFace {
 <3d82ab5f-62da-11cf-ab39-0020af71e433>
 DWORD nFaceVertexIndices;
 array DWORD faceVertexIndices[nFaceVertexIndices];
}

template Mesh {
 <3d82ab44-62da-11cf-ab39-0020af71e433>
 DWORD nVertices;
 array Vector vertices[nVertices];
 DWORD nFaces;
 array MeshFace faces[nFaces];
 [...]
}

template MeshMaterialList {
 <f6f23f42-7686-11cf-8f52-0040333594a3>
 DWORD nMaterials;
 DWORD nFaceIndexes;
 array DWORD faceIndexes[nFaceIndexes];
 [Material <3d82ab4d-62da-11cf-ab39-0020af71e433>]
}

template VertexElement {
 <f752461c-1e23-48f6-b9f8-8350850f336f>
 DWORD Type;
 DWORD Method;
 DWORD Usage;
 DWORD UsageIndex;
}

template DeclData {
 <bf22e553-292c-4781-9fea-62bd554bdd93>
 DWORD nElements;
 array VertexElement Elements[nElements];
 DWORD nDWords;
 array DWORD data[nDWords];
}

template XSkinMeshHeader {
 <3cf169ce-ff7c-44ab-93c0-f78f62d172e2>
 WORD nMaxSkinWeightsPerVertex;
 WORD nMaxSkinWeightsPerFace;
 WORD nBones;
}

template SkinWeights {
 <6f0d123b-bad2-4167-a0d0-80224f25fabb>
 STRING transformNodeName;
 DWORD nWeights;
 array DWORD vertexIndices[nWeights];
 array FLOAT weights[nWeights];
 Matrix4x4 matrixOffset;
}

template AnimTicksPerSecond {
 <9e415a43-7ba6-4a73-8743-b73d47e88476>
 DWORD AnimTicksPerSecond;
}

template Animation {
 <3d82ab4f-62da-11cf-ab39-0020af71e433>
 [...]
}

template AnimationSet {
 <3d82ab50-62da-11cf-ab39-0020af71e433>
 [Animation <3d82ab4f-62da-11cf-ab39-0020af71e433>]
}

template FloatKeys {
 <10dd46a9-775b-11cf-8f52-0040333594a3>
 DWORD nValues;
 array FLOAT values[nValues];
}

template TimedFloatKeys {
 <f406b180-7b3b-11cf-8f52-0040333594a3>
 DWORD time;
 FloatKeys tfkeys;
}

template AnimationKey {
 <10dd46a8-775b-11cf-8f52-0040333594a3>
 DWORD keyType;
 DWORD nKeys;
 array TimedFloatKeys keys[nKeys];
}


Material SharkCloth_DDX_Mat_INST {
 1.000000;1.000000;1.000000;1.000000;;
 10.000000;
 0.000000;0.000000;0.000000;;
 0.000000;0.000000;0.000000;;

 TextureFilename {
  "CH_SharkCloth_DMA.tga";
 }
}

Material Shark_XXX_Mat_INST {
 1.000000;1.000000;1.000000;1.000000;;
 10.000000;
 0.000000;0.000000;0.000000;;
 0.000000;0.000000;0.000000;;

 TextureFilename {
  "CH_Shark_DM.tga";
 }
}

Frame Root {
 

 FrameTransformMatrix {
  1.000000,0.000000,0.000000,0.000000,0.000000,1.000000,0.000000,0.000000,0.000000,0.000000,1.000000,0.000000,0.000000,0.000000,0.000000,1.000000;;
 }

 Frame RefBox {
  

  FrameTransformMatrix {
   1.000000,0.000000,0.000000,0.000000,0.000000,1.000000,0.000000,0.000000,0.000000,0.000000,1.000000,0.000000,0.000000,0.000000,0.000000,1.000000;;
  }
 }

 Frame Refbox_Align {
  

  FrameTransformMatrix {
   1.000000,0.000000,0.000000,0.000000,0.000000,1.000000,0.000000,0.000000,0.000000,0.000000,1.000000,0.000000,0.000000,0.000000,0.000000,1.000000;;
  }
 }

 Frame Shark_Body {
  

  FrameTransformMatrix {
   1.000000,0.000000,0.000000,0.000000,0.000000,1.000000,0.000000,0.000000,0.000000,0.000000,1.000000,0.000000,0.000000,0.000000,0.000000,1.000000;;
  }

  Frame Bone01 {
   

   FrameTransformMatrix {
    0.115477,0.107688,0.987456,0.000000,-0.993310,0.012519,0.114797,0.000000,0.000000,-0.994106,0.108413,0.000000,-0.000000,0.797752,-1.196564,1.000000;;
   }

   Frame Bone02 {
    

    FrameTransformMatrix {
     0.996770,0.056312,0.057269,0.000000,-0.056599,0.998391,0.003394,0.000000,-0.056986,-0.006625,0.998353,0.000000,0.981615,0.000000,0.000001,1.000000;;
    }

    Frame Bone03 {
     

     FrameTransformMatrix {
      0.997754,0.046368,0.048343,0.000000,-0.046452,0.998920,0.000617,0.000000,-0.048262,-0.002861,0.998831,0.000000,0.620510,0.000000,0.000000,1.000000;;
     }

     Frame Bone04 {
      

      FrameTransformMatrix {
       0.996163,0.047353,0.073604,0.000000,-0.047293,0.998878,-0.002552,0.000000,-0.073643,-0.000939,0.997284,0.000000,0.666734,0.000000,0.000006,1.000000;;
      }

      Frame Bone05 {
       

       FrameTransformMatrix {
        0.998069,0.049932,0.036948,0.000000,-0.049850,0.998752,-0.003131,0.000000,-0.037058,0.001283,0.999312,0.000000,0.675994,0.000000,-0.000000,1.000000;;
       }

       Frame Bone06 {
        

        FrameTransformMatrix {
         0.997772,0.060854,-0.027362,0.000000,-0.060767,0.998144,0.004006,0.000000,0.027555,-0.002335,0.999618,0.000000,0.703837,-0.000000,-0.000012,1.000000;;
        }

        Frame Bone07 {
         

         FrameTransformMatrix {
          0.997557,0.064714,-0.026309,0.000000,-0.064588,0.997896,0.005611,0.000000,0.026616,-0.003898,0.999638,0.000000,0.889024,0.000000,0.000000,1.000000;;
         }

         Frame Bone08 {
          

          FrameTransformMatrix {
           0.998111,0.059847,-0.013859,0.000000,-0.059800,0.998203,0.003838,0.000000,0.014064,-0.003002,0.999896,0.000000,0.842691,0.000000,0.000001,1.000000;;
          }

          Frame Bone09 {
           

           FrameTransformMatrix {
            1.000000,-0.000000,0.000000,0.000000,-0.000000,1.000000,0.000000,0.000000,-0.000000,-0.000000,1.000000,0.000000,0.833624,-0.000000,-0.000005,1.000000;;
           }
          }

          Frame Bone24 {
           

           FrameTransformMatrix {
            0.697216,-0.000000,0.716861,0.000000,0.000000,1.000000,0.000000,0.000000,-0.716861,0.000000,0.697216,0.000000,0.857337,0.000000,0.170113,1.000000;;
           }

           Frame Bone25 {
            

            FrameTransformMatrix {
             0.987955,0.000000,-0.154743,0.000000,-0.000000,1.000000,0.000000,0.000000,0.154743,-0.000000,0.987955,0.000000,0.681111,0.000000,0.000001,1.000000;;
            }
           }
          }

          Frame Bone22 {
           

           FrameTransformMatrix {
            0.439890,-0.107111,-0.891641,0.000000,0.047390,0.994247,-0.096057,0.000000,0.896801,-0.000000,0.442435,0.000000,0.781479,0.000000,-0.162859,1.000000;;
           }

           Frame Bone23 {
            

            FrameTransformMatrix {
             0.987881,-0.008867,0.154961,0.000000,0.008760,0.999961,0.001374,0.000000,-0.154967,0.000000,0.987920,0.000000,0.766138,0.000000,0.000001,1.000000;;
            }

            Frame Bone26 {
             

             FrameTransformMatrix {
              0.756608,-0.256241,0.601568,0.000000,0.200571,0.966613,0.159471,0.000000,-0.622347,-0.000000,0.782742,0.000000,1.068939,-0.000000,-0.000000,1.000000;;
             }
            }
           }

           Frame Bone27 {
            

            FrameTransformMatrix {
             -0.123795,-0.141429,0.982178,0.000000,-0.017686,0.989948,0.140319,0.000000,-0.992150,0.000000,-0.125052,0.000000,0.422139,0.000000,0.103310,1.000000;;
            }

            Frame Bone28 {
             

             FrameTransformMatrix {
              0.999840,0.000000,0.017900,0.000000,-0.000000,1.000000,-0.000000,0.000000,-0.017900,0.000000,0.999840,0.000000,0.536532,-0.000000,-0.000001,1.000000;;
             }
            }
           }
          }
         }

         Frame Bone29 {
          

          FrameTransformMatrix {
           0.579397,-0.000000,0.815045,0.000000,0.000000,1.000000,-0.000000,0.000000,-0.815045,0.000000,0.579397,0.000000,0.136804,0.000000,0.389922,1.000000;;
          }
         }

         Frame Bone30 {
          

          FrameTransformMatrix {
           0.767257,-0.000000,0.641339,0.000000,0.000000,1.000000,-0.000000,0.000000,-0.641339,0.000000,0.767257,0.000000,0.620989,0.000000,0.328078,1.000000;;
          }
         }
        }

        Frame Bone19 {
         

         FrameTransformMatrix {
          0.377469,0.000000,-0.926022,0.000000,0.000000,1.000000,0.000000,0.000000,0.926022,-0.000000,0.377469,0.000000,0.529130,0.000000,-0.578149,1.000000;;
         }

         Frame Bone20 {
          

          FrameTransformMatrix {
           0.434901,-0.103663,0.894492,0.000000,0.045327,0.994612,0.093228,0.000000,-0.899337,0.000000,0.437257,0.000000,0.688990,0.000000,0.054080,1.000000;;
          }

          Frame Bone21 {
           

           FrameTransformMatrix {
            0.998986,0.000000,-0.045021,0.000000,-0.000000,1.000000,0.000000,0.000000,0.045021,-0.000000,0.998986,0.000000,0.334523,0.000000,0.000000,1.000000;;
           }
          }
         }
        }
       }
      }
     }

     Frame Bone14 {
      

      FrameTransformMatrix {
       0.221854,0.000000,-0.975080,0.000000,-0.000000,1.000000,-0.000000,0.000000,0.975080,0.000000,0.221854,0.000000,0.123198,-0.000000,-0.880353,1.000000;;
      }

      Frame Bone15 {
       

       FrameTransformMatrix {
        0.357540,0.000000,0.933898,0.000000,0.000000,1.000000,-0.000000,0.000000,-0.933898,0.000000,0.357540,0.000000,1.304824,0.000000,0.054919,1.000000;;
       }

       Frame Bone16 {
        

        FrameTransformMatrix {
         0.987348,-0.121092,-0.102377,0.000000,0.120446,0.992641,-0.012489,0.000000,0.103135,0.000000,0.994667,0.000000,0.442653,-0.000000,-0.000000,1.000000;;
        }
       }
      }

      Frame Bone17 {
       

       FrameTransformMatrix {
        0.106963,-0.103501,0.988861,0.000000,0.011130,0.994629,0.102901,0.000000,-0.994201,-0.000000,0.107541,0.000000,0.770935,-0.000000,0.073457,1.000000;;
       }

       Frame Bone18 {
        

        FrameTransformMatrix {
         0.992278,0.000000,-0.124037,0.000000,-0.000000,1.000000,-0.000000,0.000000,0.124037,0.000000,0.992278,0.000000,0.475120,0.000000,0.000002,1.000000;;
        }
       }
      }
     }
    }

    Frame Bone31 {
     

     FrameTransformMatrix {
      0.570645,0.650968,0.500605,0.000000,-0.042598,0.632248,-0.773594,0.000000,-0.820091,0.420124,0.388519,0.000000,0.461342,0.770164,1.682475,1.000000;;
     }

     Frame Bone32 {
      

      FrameTransformMatrix {
       0.986139,0.000000,-0.165922,0.000000,0.000000,1.000000,0.000000,0.000000,0.165922,0.000000,0.986139,0.000000,0.586270,0.000000,-0.000000,1.000000;;
      }

      Frame Bone33 {
       

       FrameTransformMatrix {
        0.952370,0.260268,-0.158910,0.000000,-0.256547,0.965536,0.043861,0.000000,0.164849,-0.001004,0.986318,0.000000,0.695418,-0.000000,0.000001,1.000000;;
       }
      }
     }

     Frame Bone34 {
      

      FrameTransformMatrix {
       0.992814,-0.118081,-0.019440,0.000000,0.119042,0.991108,0.059449,0.000000,0.012248,-0.061336,0.998042,0.000000,0.762372,-0.038421,0.191237,1.000000;;
      }

      Frame Bone35 {
       

       FrameTransformMatrix {
        0.980725,0.150677,-0.124402,0.000000,-0.149479,0.988583,0.018961,0.000000,0.125838,0.000000,0.992051,0.000000,0.713922,0.000000,-0.000000,1.000000;;
       }
      }
     }

     Frame Bone36 {
      

      FrameTransformMatrix {
       0.910000,0.066526,-0.409236,0.000000,-0.010497,0.990423,0.137663,0.000000,0.414475,-0.120978,0.901984,0.000000,0.730934,0.009191,-0.198506,1.000000;;
      }

      Frame Bone37 {
       

       FrameTransformMatrix {
        0.960482,0.150677,-0.234034,0.000000,-0.146393,0.988583,0.035671,0.000000,0.236736,-0.000000,0.971574,0.000000,0.497128,-0.000000,-0.000000,1.000000;;
       }
      }
     }
    }

    Frame Bone44 {
     

     FrameTransformMatrix {
      -0.640498,0.610181,-0.466307,0.000000,0.007042,0.611843,0.790948,0.000000,0.767928,0.503316,-0.396181,0.000000,0.461342,-0.768708,1.682475,1.000000;;
     }

     Frame Bone38 {
      

      FrameTransformMatrix {
       0.986139,-0.000000,-0.165922,0.000000,-0.000000,1.000000,0.000000,0.000000,0.165922,0.000000,0.986139,0.000000,-0.586269,0.000000,0.000000,1.000000;;
      }

      Frame Bone39 {
       

       FrameTransformMatrix {
        0.972215,0.168770,-0.162221,0.000000,-0.166357,0.985655,0.028442,0.000000,0.164694,-0.000665,0.986345,0.000000,-0.695418,0.000000,-0.000001,1.000000;;
       }
      }
     }

     Frame Bone40 {
      

      FrameTransformMatrix {
       0.909162,0.099065,-0.404487,0.000000,-0.040421,0.987700,0.151048,0.000000,0.414476,-0.120978,0.901984,0.000000,-0.730935,-0.009191,0.198506,1.000000;;
      }

      Frame Bone42 {
       

       FrameTransformMatrix {
        0.965206,0.114304,-0.235185,0.000000,-0.111055,0.993446,0.027060,0.000000,0.236736,-0.000000,0.971574,0.000000,-0.497127,0.000000,-0.000000,1.000000;;
       }
      }
     }

     Frame Bone43 {
      

      FrameTransformMatrix {
       0.999559,-0.024975,-0.016086,0.000000,0.025916,0.997791,0.061174,0.000000,0.014523,-0.061564,0.997998,0.000000,-0.762372,0.038420,-0.191237,1.000000;;
      }

      Frame Bone41 {
       

       FrameTransformMatrix {
        0.985548,0.114304,-0.125014,0.000000,-0.113395,0.993446,0.014384,0.000000,0.125838,0.000000,0.992051,0.000000,-0.713922,-0.000000,-0.000000,1.000000;;
       }
      }
     }
    }
   }

   Frame Bone12 {
    

    FrameTransformMatrix {
     -0.454018,-0.014064,0.890882,0.000000,-0.053355,0.998510,-0.011428,0.000000,-0.889394,-0.052721,-0.454092,0.000000,0.003196,-0.000000,-0.015958,1.000000;;
    }

    Frame Bone13 {
     

     FrameTransformMatrix {
      0.606896,0.069756,0.791714,0.000000,-0.042591,0.997564,-0.055244,0.000000,-0.793639,-0.000192,0.608389,0.000000,0.830572,-0.000000,0.000000,1.000000;;
     }
    }
   }

   Frame Bone10 {
    

    FrameTransformMatrix {
     -0.985605,-0.054490,-0.160046,0.000000,-0.053351,0.998511,-0.011409,0.000000,0.160429,-0.002706,-0.987044,0.000000,0.004499,0.000000,-0.014541,1.000000;;
    }

    Frame Bone11 {
     

     FrameTransformMatrix {
      0.882470,0.068362,-0.465374,0.000000,-0.066952,0.997564,0.019580,0.000000,0.465579,0.013879,0.884898,0.000000,0.561194,-0.000000,-0.000000,1.000000;;
     }
    }
   }
  }

  Frame Point01 {
   

   FrameTransformMatrix {
    1.000000,0.000000,0.000000,0.000000,0.000000,1.000000,0.000000,0.000000,0.000000,0.000000,1.000000,0.000000,-0.000000,0.797752,-1.196564,1.000000;;
   }

   Frame Point02 {
    

    FrameTransformMatrix {
     1.000000,0.000000,0.000000,0.000000,0.000000,1.000000,0.000000,0.000000,0.000000,0.000000,1.000000,0.000000,0.000000,-0.018799,2.074679,1.000000;;
    }
   }

   Frame Point03 {
    

    FrameTransformMatrix {
     1.000000,0.000000,0.000000,0.000000,0.000000,1.000000,0.000000,0.000000,0.000000,0.000000,1.000000,0.000000,0.000000,-0.034324,4.146827,1.000000;;
    }
   }

   Frame Point04 {
    

    FrameTransformMatrix {
     1.000000,0.000000,0.000000,0.000000,0.000000,1.000000,0.000000,0.000000,0.000000,0.000000,1.000000,0.000000,0.000000,-0.046295,6.213550,1.000000;;
    }
   }
  }
 }
}

Frame SK_Shark {
 

 FrameTransformMatrix {
  1.000000,0.000000,0.000000,0.000000,0.000000,1.000000,0.000000,0.000000,0.000000,0.000000,1.000000,0.000000,0.000000,0.000000,0.000000,1.000000;;
 }

 Mesh SK_Shark {
  9860;
  -0.016874;2.451467;6.463258;,
  -0.007040;2.611421;6.228350;,
  -0.016874;2.714857;6.742813;,
  -0.016874;0.094521;6.235480;,
  -0.016874;0.186917;5.732793;,
  -0.020606;0.440607;5.752986;,
  -0.020606;0.440607;5.752986;,
  0.016070;0.806664;5.968411;,
  -0.016874;0.094521;6.235480;,
  0.016070;0.806664;5.968411;,
  -0.020606;0.440607;5.752986;,
  0.053394;0.890237;5.809948;,
  0.053394;0.890237;5.809948;,
  -0.016874;1.322185;6.019184;,
  0.016070;0.806664;5.968411;,
  -0.016874;1.322185;6.019184;,
  0.053394;0.890237;5.809948;,
  -0.020527;1.356711;5.909001;,
  -0.020527;1.356711;5.909001;,
  -0.016874;1.739391;6.178540;,
  -0.016874;1.322185;6.019184;,
  -0.016874;1.739391;6.178540;,
  -0.020527;1.356711;5.909001;,
  -0.021110;1.738225;6.020741;,
  -0.021110;1.738225;6.020741;,
  -0.016874;2.451467;6.463258;,
  -0.016874;1.739391;6.178540;,
  -0.016874;2.451467;6.463258;,
  -0.021110;1.738225;6.020741;,
  -0.007977;2.278745;6.147128;,
  -0.007040;2.611421;6.228350;,
  -0.016874;2.451467;6.463258;,
  -0.007977;2.278745;6.147128;,
  -0.016874;0.186917;5.732793;,
  0.044010;0.679138;5.456040;,
  -0.020606;0.440607;5.752986;,
  0.041151;1.020286;5.585495;,
  -0.020606;0.440607;5.752986;,
  0.044010;0.679138;5.456040;,
  -0.020606;0.440607;5.752986;,
  0.041151;1.020286;5.585495;,
  0.053394;0.890237;5.809948;,
  0.041151;1.020286;5.585495;,
  -0.020527;1.356711;5.909001;,
  0.053394;0.890237;5.809948;,
  -0.020527;1.356711;5.909001;,
  0.041151;1.020286;5.585495;,
  0.010494;1.427570;5.714894;,
  0.010494;1.427570;5.714894;,
  -0.021110;1.738225;6.020741;,
  -0.020527;1.356711;5.909001;,
  -0.021110;1.738225;6.020741;,
  0.010494;1.427570;5.714894;,
  -0.021018;1.790719;5.794026;,
  -0.021018;1.790719;5.794026;,
  -0.007977;2.278745;6.147128;,
  -0.021110;1.738225;6.020741;,
  -0.007977;2.278745;6.147128;,
  -0.021018;1.790719;5.794026;,
  -0.007372;2.237935;5.963083;,
  -0.007977;2.278745;6.147128;,
  -0.003082;2.498949;6.029340;,
  -0.007040;2.611421;6.228350;,
  -0.003082;2.498949;6.029340;,
  -0.007977;2.278745;6.147128;,
  -0.007372;2.237935;5.963083;,
  -0.007372;2.237935;5.963083;,
  -0.014413;2.462268;5.940901;,
  -0.003082;2.498949;6.029340;,
  -0.014413;2.462268;5.940901;,
  -0.007372;2.237935;5.963083;,
  -0.014356;2.308541;5.854129;,
  -0.007372;2.237935;5.963083;,
  -0.017535;2.153749;5.797772;,
  -0.014356;2.308541;5.854129;,
  -0.021018;1.790719;5.794026;,
  -0.017535;2.153749;5.797772;,
  -0.007372;2.237935;5.963083;,
  -0.017535;2.153749;5.797772;,
  -0.021018;1.790719;5.794026;,
  -0.037700;2.001086;5.629021;,
  -0.021018;1.790719;5.794026;,
  -0.037643;1.771390;5.532401;,
  -0.037700;2.001086;5.629021;,
  0.010494;1.427570;5.714894;,
  -0.037643;1.771390;5.532401;,
  -0.021018;1.790719;5.794026;,
  -0.037643;1.771390;5.532401;,
  0.010494;1.427570;5.714894;,
  -0.037586;1.621570;5.349540;,
  -0.037586;1.621570;5.349540;,
  0.010494;1.427570;5.714894;,
  -0.037529;1.570916;5.319218;,
  0.010494;1.427570;5.714894;,
  -0.032353;1.224403;5.262206;,
  -0.037529;1.570916;5.319218;,
  -0.032353;1.224403;5.262206;,
  0.010494;1.427570;5.714894;,
  0.041151;1.020286;5.585495;,
  0.041151;1.020286;5.585495;,
  0.030409;0.980165;5.045370;,
  -0.032353;1.224403;5.262206;,
  0.030409;0.980165;5.045370;,
  0.041151;1.020286;5.585495;,
  0.044010;0.679138;5.456040;,
  0.028753;0.524880;5.353575;,
  0.030409;0.980165;5.045370;,
  0.044010;0.679138;5.456040;,
  0.044010;0.679138;5.456040;,
  -0.016874;0.186917;5.732793;,
  0.028753;0.524880;5.353575;,
  -0.016874;0.186917;5.732793;,
  -0.016874;0.421838;5.234849;,
  0.028753;0.524880;5.353575;,
  -0.016874;0.421838;5.234849;,
  -0.016874;0.186917;5.732793;,
  -0.016874;0.224917;5.252090;,
  -0.016874;0.029029;5.642372;,
  -0.016874;-0.506645;6.282524;,
  -0.016874;0.094521;6.235480;,
  0.030409;0.980165;5.045370;,
  0.028753;0.524880;5.353575;,
  -0.016874;0.646518;5.001819;,
  0.028753;0.524880;5.353575;,
  -0.016874;0.421838;5.234849;,
  -0.016874;0.646518;5.001819;,
  -0.904777;-1.350089;0.497304;,
  -0.814825;-0.969905;0.303963;,
  -0.792517;-0.997299;0.282025;,
  -0.765829;-0.921226;0.227556;,
  -0.814825;-0.969905;0.303963;,
  -0.776860;-0.910169;0.239833;,
  -0.814825;-0.969905;0.303963;,
  -0.765829;-0.921226;0.227556;,
  -0.792517;-0.997299;0.282025;,
  -0.754943;-0.932305;0.215175;,
  -0.792517;-0.997299;0.282025;,
  -0.765829;-0.921226;0.227556;,
  -0.792517;-0.997299;0.282025;,
  -0.754943;-0.932305;0.215175;,
  -0.770894;-1.024678;0.259694;,
  -0.770894;-1.024678;0.259694;,
  -0.904777;-1.350089;0.497304;,
  -0.792517;-0.997299;0.282025;,
  -0.904777;-1.350089;0.497304;,
  -0.770894;-1.024678;0.259694;,
  -0.831809;-1.457508;0.427767;,
  -0.831809;-1.457508;0.427767;,
  -1.022001;-1.623975;0.689371;,
  -0.904777;-1.350089;0.497304;,
  -1.022001;-1.623975;0.689371;,
  -0.831809;-1.457508;0.427767;,
  -0.906372;-1.796689;0.600923;,
  -0.906372;-1.796689;0.600923;,
  -1.259444;-1.931850;1.031385;,
  -1.022001;-1.623975;0.689371;,
  -1.259444;-1.931850;1.031385;,
  -0.906372;-1.796689;0.600923;,
  -1.155559;-2.173498;0.982110;,
  -1.395241;-1.619332;1.058312;,
  -1.022001;-1.623975;0.689371;,
  -1.259444;-1.931850;1.031385;,
  -1.022001;-1.623975;0.689371;,
  -1.395241;-1.619332;1.058312;,
  -1.153022;-1.435794;0.770093;,
  -1.153022;-1.435794;0.770093;,
  -0.904777;-1.350089;0.497304;,
  -1.022001;-1.623975;0.689371;,
  -1.153022;-1.435794;0.770093;,
  -1.516601;-1.393755;1.129606;,
  -1.239726;-1.278415;0.831683;,
  -1.516601;-1.393755;1.129606;,
  -1.153022;-1.435794;0.770093;,
  -1.395241;-1.619332;1.058312;,
  -1.395241;-1.619332;1.058312;,
  -1.799739;-1.495535;1.436223;,
  -1.516601;-1.393755;1.129606;,
  -1.799739;-1.495535;1.436223;,
  -1.395241;-1.619332;1.058312;,
  -1.650538;-1.808893;1.371049;,
  -1.259444;-1.931850;1.031385;,
  -1.650538;-1.808893;1.371049;,
  -1.395241;-1.619332;1.058312;,
  -1.650538;-1.808893;1.371049;,
  -1.259444;-1.931850;1.031385;,
  -1.523105;-2.173188;1.368936;,
  -1.523105;-2.173188;1.368936;,
  -1.775584;-1.896611;1.509163;,
  -1.650538;-1.808893;1.371049;,
  -1.775584;-1.896611;1.509163;,
  -1.523105;-2.173188;1.368936;,
  -1.706727;-2.248147;1.556740;,
  -1.981543;-1.536544;1.622245;,
  -1.650538;-1.808893;1.371049;,
  -1.775584;-1.896611;1.509163;,
  -1.650538;-1.808893;1.371049;,
  -1.981543;-1.536544;1.622245;,
  -1.799739;-1.495535;1.436223;,
  -1.981543;-1.536544;1.622245;,
  -2.000008;-1.238698;1.587842;,
  -1.799739;-1.495535;1.436223;,
  -1.619547;-1.191264;1.197772;,
  -1.799739;-1.495535;1.436223;,
  -2.000008;-1.238698;1.587842;,
  -1.799739;-1.495535;1.436223;,
  -1.619547;-1.191264;1.197772;,
  -1.516601;-1.393755;1.129606;,
  -1.287566;-1.191789;0.866430;,
  -1.516601;-1.393755;1.129606;,
  -1.619547;-1.191264;1.197772;,
  -1.516601;-1.393755;1.129606;,
  -1.287566;-1.191789;0.866430;,
  -1.239726;-1.278415;0.831683;,
  -1.287566;-1.191789;0.866430;,
  -1.054872;-1.133098;0.614121;,
  -1.239726;-1.278415;0.831683;,
  -1.000851;-1.229914;0.572374;,
  -1.239726;-1.278415;0.831683;,
  -1.054872;-1.133098;0.614121;,
  -1.239726;-1.278415;0.831683;,
  -1.000851;-1.229914;0.572374;,
  -1.153022;-1.435794;0.770093;,
  -1.054872;-1.133098;0.614121;,
  -1.287566;-1.191789;0.866430;,
  -1.076982;-1.095573;0.631465;,
  -2.000008;-1.238698;1.587842;,
  -1.981543;-1.536544;1.622245;,
  -2.355558;-1.223935;1.937881;,
  -0.904777;-1.350089;0.497304;,
  -1.153022;-1.435794;0.770093;,
  -1.000851;-1.229914;0.572374;,
  -0.814825;-0.969905;0.303963;,
  -0.904777;-1.350089;0.497304;,
  -1.000851;-1.229914;0.572374;,
  -1.054872;-1.133098;0.614121;,
  -0.814825;-0.969905;0.303963;,
  -1.000851;-1.229914;0.572374;,
  -0.814825;-0.969905;0.303963;,
  -1.054872;-1.133098;0.614121;,
  -0.830915;-0.947893;0.318791;,
  -1.076982;-1.095573;0.631465;,
  -0.830915;-0.947893;0.318791;,
  -1.054872;-1.133098;0.614121;,
  -0.830915;-0.947893;0.318791;,
  -1.076982;-1.095573;0.631465;,
  -0.845679;-0.930967;0.332861;,
  -0.794422;-0.893940;0.259259;,
  -0.830915;-0.947893;0.318791;,
  -0.845679;-0.930967;0.332861;,
  -0.830915;-0.947893;0.318791;,
  -0.794422;-0.893940;0.259259;,
  -0.785607;-0.902047;0.249569;,
  -0.776860;-0.910169;0.239833;,
  -0.830915;-0.947893;0.318791;,
  -0.785607;-0.902047;0.249569;,
  -0.830915;-0.947893;0.318791;,
  -0.776860;-0.910169;0.239833;,
  -0.814825;-0.969905;0.303963;,
  1.799739;-1.495535;1.436223;,
  1.619547;-1.191264;1.197772;,
  2.000008;-1.238697;1.587842;,
  1.799739;-1.495535;1.436223;,
  1.395241;-1.619332;1.058312;,
  1.516601;-1.393755;1.129606;,
  1.619547;-1.191264;1.197772;,
  1.799739;-1.495535;1.436223;,
  1.516601;-1.393755;1.129606;,
  1.516601;-1.393755;1.129606;,
  1.287566;-1.191789;0.866430;,
  1.619547;-1.191264;1.197772;,
  1.054871;-1.133098;0.614121;,
  1.287566;-1.191789;0.866430;,
  1.239726;-1.278415;0.831683;,
  1.287566;-1.191789;0.866430;,
  1.516601;-1.393755;1.129606;,
  1.239726;-1.278415;0.831683;,
  1.516601;-1.393755;1.129606;,
  1.153022;-1.435794;0.770093;,
  1.239726;-1.278415;0.831683;,
  1.153022;-1.435794;0.770093;,
  1.516601;-1.393755;1.129606;,
  1.395241;-1.619332;1.058312;,
  1.395241;-1.619332;1.058312;,
  1.022002;-1.623975;0.689371;,
  1.153022;-1.435794;0.770093;,
  1.022002;-1.623975;0.689371;,
  1.395241;-1.619332;1.058312;,
  1.259444;-1.931850;1.031385;,
  1.650538;-1.808893;1.371049;,
  1.259444;-1.931850;1.031385;,
  1.395241;-1.619332;1.058312;,
  1.395241;-1.619332;1.058312;,
  1.799739;-1.495535;1.436223;,
  1.650538;-1.808893;1.371049;,
  1.981543;-1.536543;1.622245;,
  1.650538;-1.808893;1.371049;,
  1.799739;-1.495535;1.436223;,
  2.000008;-1.238697;1.587842;,
  1.981543;-1.536543;1.622245;,
  1.799739;-1.495535;1.436223;,
  1.981543;-1.536543;1.622245;,
  2.000008;-1.238697;1.587842;,
  2.355558;-1.223934;1.937881;,
  1.650538;-1.808893;1.371049;,
  1.981543;-1.536543;1.622245;,
  1.775584;-1.896610;1.509163;,
  1.775584;-1.896610;1.509163;,
  1.523105;-2.173187;1.368936;,
  1.650538;-1.808893;1.371049;,
  1.259444;-1.931850;1.031385;,
  1.650538;-1.808893;1.371049;,
  1.523105;-2.173187;1.368936;,
  1.523105;-2.173187;1.368936;,
  1.155559;-2.173498;0.982111;,
  1.259444;-1.931850;1.031385;,
  0.906373;-1.796689;0.600924;,
  1.259444;-1.931850;1.031385;,
  1.155559;-2.173498;0.982111;,
  1.259444;-1.931850;1.031385;,
  0.906373;-1.796689;0.600924;,
  1.022002;-1.623975;0.689371;,
  0.831809;-1.457508;0.427766;,
  1.022002;-1.623975;0.689371;,
  0.906373;-1.796689;0.600924;,
  1.022002;-1.623975;0.689371;,
  0.831809;-1.457508;0.427766;,
  0.904777;-1.350089;0.497304;,
  0.770894;-1.024677;0.259694;,
  0.904777;-1.350089;0.497304;,
  0.831809;-1.457508;0.427766;,
  0.904777;-1.350089;0.497304;,
  0.770894;-1.024677;0.259694;,
  0.792517;-0.997299;0.282025;,
  0.754943;-0.932305;0.215175;,
  0.792517;-0.997299;0.282025;,
  0.770894;-1.024677;0.259694;,
  1.155559;-2.173498;0.982111;,
  1.523105;-2.173187;1.368936;,
  1.478547;-2.394245;1.373175;,
  1.706726;-2.248147;1.556740;,
  1.478547;-2.394245;1.373175;,
  1.523105;-2.173187;1.368936;,
  1.523105;-2.173187;1.368936;,
  1.775584;-1.896610;1.509163;,
  1.706726;-2.248147;1.556740;,
  1.478547;-2.394245;1.373175;,
  1.706726;-2.248147;1.556740;,
  1.691431;-2.602961;1.671728;,
  0.814825;-0.969905;0.303963;,
  0.904777;-1.350089;0.497304;,
  0.792517;-0.997299;0.282025;,
  0.904777;-1.350089;0.497304;,
  0.814825;-0.969905;0.303963;,
  1.000851;-1.229914;0.572374;,
  1.054871;-1.133098;0.614121;,
  0.814825;-0.969905;0.303963;,
  0.830915;-0.947893;0.318791;,
  0.814825;-0.969905;0.303963;,
  1.054871;-1.133098;0.614121;,
  1.000851;-1.229914;0.572374;,
  1.239726;-1.278415;0.831683;,
  1.000851;-1.229914;0.572374;,
  1.054871;-1.133098;0.614121;,
  1.000851;-1.229914;0.572374;,
  1.239726;-1.278415;0.831683;,
  1.153022;-1.435794;0.770093;,
  1.153022;-1.435794;0.770093;,
  0.904777;-1.350089;0.497304;,
  1.000851;-1.229914;0.572374;,
  0.904777;-1.350089;0.497304;,
  1.153022;-1.435794;0.770093;,
  1.022002;-1.623975;0.689371;,
  0.792517;-0.997299;0.282025;,
  0.754943;-0.932305;0.215175;,
  0.765829;-0.921226;0.227556;,
  0.765829;-0.921226;0.227556;,
  0.814825;-0.969905;0.303963;,
  0.792517;-0.997299;0.282025;,
  0.814825;-0.969905;0.303963;,
  0.765829;-0.921226;0.227556;,
  0.776860;-0.910169;0.239833;,
  0.776860;-0.910169;0.239833;,
  0.830915;-0.947893;0.318791;,
  0.814825;-0.969905;0.303963;,
  0.830915;-0.947893;0.318791;,
  0.776860;-0.910169;0.239833;,
  0.785607;-0.902047;0.249569;,
  0.794422;-0.893940;0.259259;,
  0.830915;-0.947893;0.318791;,
  0.785607;-0.902047;0.249569;,
  0.830915;-0.947893;0.318791;,
  0.794422;-0.893940;0.259259;,
  0.845679;-0.930967;0.332861;,
  1.076982;-1.095573;0.631465;,
  0.830915;-0.947893;0.318791;,
  0.845679;-0.930967;0.332861;,
  0.830915;-0.947893;0.318791;,
  1.076982;-1.095573;0.631465;,
  1.054871;-1.133098;0.614121;,
  1.287566;-1.191789;0.866430;,
  1.054871;-1.133098;0.614121;,
  1.076982;-1.095573;0.631465;,
  0.009386;1.661458;3.561832;,
  0.049463;2.016624;3.950039;,
  0.025623;1.639311;4.003366;,
  0.049463;2.016624;3.950039;,
  0.009386;1.661458;3.561832;,
  0.018903;1.979297;3.589585;,
  -0.007177;1.941969;3.229131;,
  0.009386;1.661458;3.561832;,
  -0.006851;1.683605;3.120298;,
  0.009386;1.661458;3.561832;,
  -0.007177;1.941969;3.229131;,
  0.018903;1.979297;3.589585;,
  -0.007503;2.246172;3.369155;,
  0.018903;1.979297;3.589585;,
  -0.007177;1.941969;3.229131;,
  0.018903;1.979297;3.589585;,
  -0.007503;2.246172;3.369155;,
  0.011025;2.289313;3.648528;,
  0.011025;2.289313;3.648528;,
  0.049463;2.016624;3.950039;,
  0.018903;1.979297;3.589585;,
  0.049463;2.016624;3.950039;,
  0.011025;2.289313;3.648528;,
  0.021560;2.324659;3.876458;,
  -0.018605;2.420211;0.695012;,
  0.000282;2.021733;0.808638;,
  -0.018605;1.947891;0.570689;,
  -0.018605;1.936674;1.733427;,
  0.031910;2.311843;1.347323;,
  -0.018605;2.335051;1.792287;,
  0.031910;2.311843;1.347323;,
  -0.018605;1.936674;1.733427;,
  -0.018605;1.959694;1.283912;,
  0.000282;2.021733;0.808638;,
  0.031910;2.311843;1.347323;,
  -0.018605;1.959694;1.283912;,
  0.031910;2.311843;1.347323;,
  0.000282;2.021733;0.808638;,
  0.024614;2.388912;0.988630;,
  0.000282;2.021733;0.808638;,
  -0.018605;2.420211;0.695012;,
  0.024614;2.388912;0.988630;,
  -0.004495;2.695884;0.785448;,
  0.024614;2.388912;0.988630;,
  -0.018605;2.420211;0.695012;,
  0.024614;2.388912;0.988630;,
  -0.004495;2.695884;0.785448;,
  0.008829;2.678929;1.092657;,
  0.002310;2.971556;0.832991;,
  0.008829;2.678929;1.092657;,
  -0.004495;2.695884;0.785448;,
  0.008829;2.678929;1.092657;,
  0.031910;2.311843;1.347323;,
  0.024614;2.388912;0.988630;,
  -0.018605;3.113063;1.910005;,
  -0.018605;3.368288;1.537555;,
  -0.018605;3.511440;1.968865;,
  -0.018605;3.368288;1.537555;,
  -0.018605;3.113063;1.910005;,
  -0.004016;3.016140;1.474145;,
  -0.004016;3.016140;1.474145;,
  0.005528;3.223823;1.220589;,
  -0.018605;3.368288;1.537555;,
  0.005528;3.223823;1.220589;,
  -0.004016;3.016140;1.474145;,
  0.024068;2.951376;1.156623;,
  0.024068;2.951376;1.156623;,
  0.005634;3.119044;0.871637;,
  0.005528;3.223823;1.220589;,
  0.005634;3.119044;0.871637;,
  0.024068;2.951376;1.156623;,
  0.002310;2.971556;0.832991;,
  0.008829;2.678929;1.092657;,
  0.002310;2.971556;0.832991;,
  0.024068;2.951376;1.156623;,
  0.024068;2.951376;1.156623;,
  0.036492;2.663991;1.410734;,
  0.008829;2.678929;1.092657;,
  0.031910;2.311843;1.347323;,
  0.008829;2.678929;1.092657;,
  0.036492;2.663991;1.410734;,
  0.036492;2.663991;1.410734;,
  -0.018605;2.335051;1.792287;,
  0.031910;2.311843;1.347323;,
  -0.018605;2.335051;1.792287;,
  0.036492;2.663991;1.410734;,
  -0.018605;2.714687;1.851146;,
  -0.004016;3.016140;1.474145;,
  -0.018605;2.714687;1.851146;,
  0.036492;2.663991;1.410734;,
  0.036492;2.663991;1.410734;,
  0.024068;2.951376;1.156623;,
  -0.004016;3.016140;1.474145;,
  -0.018605;2.714687;1.851146;,
  -0.004016;3.016140;1.474145;,
  -0.018605;3.113063;1.910005;,
  -1.155559;-2.173498;0.982110;,
  -1.523105;-2.173188;1.368936;,
  -1.259444;-1.931850;1.031385;,
  -1.523105;-2.173188;1.368936;,
  -1.155559;-2.173498;0.982110;,
  -1.478547;-2.394246;1.373176;,
  -1.478547;-2.394246;1.373176;,
  -1.706727;-2.248147;1.556740;,
  -1.523105;-2.173188;1.368936;,
  -1.706727;-2.248147;1.556740;,
  -1.478547;-2.394246;1.373176;,
  -1.691431;-2.602961;1.671728;,
  0.039873;-0.110012;3.448792;,
  0.039999;-0.058814;3.205798;,
  0.066432;-0.058814;3.205798;,
  -0.450734;0.336949;-2.063848;,
  -0.514269;0.179891;-2.078430;,
  -0.453163;0.189749;-1.992690;,
  -0.514269;0.179891;-2.078430;,
  -0.450734;0.336949;-2.063848;,
  -0.430647;0.179891;-2.149440;,
  -0.430647;0.179891;-2.149440;,
  -0.450734;0.336949;-2.063848;,
  -0.397182;0.189749;-2.066514;,
  -0.450734;0.336949;-2.063848;,
  -0.453163;0.189749;-1.992690;,
  -0.397182;0.189749;-2.066514;,
  -0.405117;0.304505;-2.659512;,
  -0.438744;0.075256;-2.573625;,
  -0.384268;0.075256;-2.564361;,
  -0.438744;0.075256;-2.573625;,
  -0.405117;0.304505;-2.659512;,
  -0.410611;0.121555;-2.660696;,
  -0.410611;0.121555;-2.660696;,
  -0.405117;0.304505;-2.659512;,
  -0.349916;0.075256;-2.633729;,
  -0.405117;0.304505;-2.659512;,
  -0.384268;0.075256;-2.564361;,
  -0.349916;0.075256;-2.633729;,
  -0.000695;0.202879;-2.894865;,
  -0.050742;0.111404;-2.893131;,
  0.003734;0.111404;-2.873461;,
  -0.050742;0.111404;-2.893131;,
  -0.056050;0.202879;-2.915439;,
  -0.027464;0.202879;-2.991667;,
  -0.050742;0.111404;-2.893131;,
  -0.056050;0.202879;-2.915439;,
  -0.056050;0.202879;-2.915439;,
  -0.008543;0.334443;-2.931539;,
  -0.027464;0.202879;-2.991667;,
  -0.027464;0.202879;-2.991667;,
  -0.008543;0.334443;-2.931539;,
  0.034210;0.202879;-2.947576;,
  0.034210;0.202879;-2.947576;,
  -0.008543;0.334443;-2.931539;,
  -0.000695;0.202879;-2.894865;,
  0.003734;0.111404;-2.873461;,
  0.034210;0.202879;-2.947576;,
  0.034210;0.202879;-2.947576;,
  0.038085;0.111404;-2.923311;,
  -0.022610;0.111404;-2.965510;,
  0.034210;0.202879;-2.947576;,
  0.038085;0.111404;-2.923311;,
  0.034210;0.202879;-2.947576;,
  -0.022610;0.111404;-2.965510;,
  -0.027464;0.202879;-2.991667;,
  -0.050742;0.111404;-2.893131;,
  -0.027464;0.202879;-2.991667;,
  -0.022610;0.111404;-2.965510;,
  -0.008543;0.334443;-2.931539;,
  -0.056050;0.202879;-2.915439;,
  -0.460926;0.088886;-2.228161;,
  -0.393183;0.088886;-2.303834;,
  -0.482446;0.308027;-2.256493;,
  -0.393183;0.088886;-2.303834;,
  -0.476991;0.088886;-2.376062;,
  -0.482446;0.308027;-2.256493;,
  -0.476991;0.088886;-2.376062;,
  -0.510225;0.135185;-2.263521;,
  -0.482446;0.308027;-2.256493;,
  -0.510225;0.135185;-2.263521;,
  -0.460926;0.088886;-2.228161;,
  -0.482446;0.308027;-2.256493;,
  -0.241006;0.304505;-2.870881;,
  -0.238583;0.213030;-2.833313;,
  -0.219721;0.213030;-2.867404;,
  -0.241006;0.304505;-2.870881;,
  -0.268496;0.213030;-2.847035;,
  -0.238583;0.213030;-2.833313;,
  -0.241006;0.304505;-2.870881;,
  -0.253048;0.213030;-2.889245;,
  -0.268496;0.213030;-2.847035;,
  -0.255072;0.121555;-2.853613;,
  -0.268496;0.213030;-2.847035;,
  -0.268496;0.213030;-2.847035;,
  -0.283205;0.121555;-2.789782;,
  -0.283205;0.121555;-2.789782;,
  -0.238583;0.213030;-2.833313;,
  -0.268496;0.213030;-2.847035;,
  -0.238583;0.213030;-2.833313;,
  -0.283205;0.121555;-2.789782;,
  -0.228729;0.121555;-2.779054;,
  -0.194378;0.121555;-2.842169;,
  -0.238583;0.213030;-2.833313;,
  -0.228729;0.121555;-2.779054;,
  -0.238583;0.213030;-2.833313;,
  -0.194378;0.121555;-2.842169;,
  -0.219721;0.213030;-2.867404;,
  -0.255072;0.121555;-2.853613;,
  -0.219721;0.213030;-2.867404;,
  -0.194378;0.121555;-2.842169;,
  -0.219721;0.213030;-2.867404;,
  -0.253048;0.213030;-2.889245;,
  -0.241006;0.304505;-2.870881;,
  -0.219721;0.213030;-2.867404;,
  -0.476495;0.294547;-2.475362;,
  -0.413857;0.075532;-2.507555;,
  -0.468716;0.075532;-2.553243;,
  -0.476495;0.294547;-2.475362;,
  -0.457846;0.075532;-2.452630;,
  -0.413857;0.075532;-2.507555;,
  -0.476495;0.294547;-2.475362;,
  -0.504742;0.075532;-2.474566;,
  -0.457846;0.075532;-2.452630;,
  -0.476495;0.294547;-2.475362;,
  -0.468716;0.075532;-2.553243;,
  -0.504742;0.075532;-2.474566;,
  0.241006;0.304505;-2.870881;,
  0.219721;0.213030;-2.867404;,
  0.238584;0.213030;-2.833313;,
  0.241006;0.304505;-2.870881;,
  0.253049;0.213030;-2.889245;,
  0.219721;0.213030;-2.867404;,
  0.255073;0.121555;-2.853613;,
  0.219721;0.213030;-2.867404;,
  0.219721;0.213030;-2.867404;,
  0.194378;0.121555;-2.842169;,
  0.194378;0.121555;-2.842169;,
  0.238584;0.213030;-2.833313;,
  0.219721;0.213030;-2.867404;,
  0.238584;0.213030;-2.833313;,
  0.194378;0.121555;-2.842169;,
  0.228729;0.121555;-2.779054;,
  0.283205;0.121555;-2.789782;,
  0.238584;0.213030;-2.833313;,
  0.228729;0.121555;-2.779054;,
  0.238584;0.213030;-2.833313;,
  0.283205;0.121555;-2.789782;,
  0.268497;0.213030;-2.847035;,
  0.255073;0.121555;-2.853613;,
  0.268497;0.213030;-2.847035;,
  0.283205;0.121555;-2.789782;,
  0.268497;0.213030;-2.847035;,
  0.253049;0.213030;-2.889245;,
  0.241006;0.304505;-2.870881;,
  0.268497;0.213030;-2.847035;,
  0.241006;0.304505;-2.870881;,
  0.238584;0.213030;-2.833313;,
  0.268497;0.213030;-2.847035;,
  -0.430421;0.352240;-1.881332;,
  -0.380416;0.189749;-1.886664;,
  -0.413881;0.189749;-1.969591;,
  -0.430421;0.352240;-1.881332;,
  -0.436397;0.189749;-1.812841;,
  -0.380416;0.189749;-1.886664;,
  -0.430421;0.352240;-1.881332;,
  -0.497503;0.189749;-1.898581;,
  -0.436397;0.189749;-1.812841;,
  -0.430421;0.352240;-1.881332;,
  -0.413881;0.189749;-1.969591;,
  -0.497503;0.189749;-1.898581;,
  -0.007385;0.655644;-3.167035;,
  -0.007385;0.755084;-3.152729;,
  0.025689;0.755084;-3.176759;,
  -0.007385;0.655644;-3.167035;,
  -0.040459;0.755084;-3.176759;,
  -0.007385;0.755084;-3.152729;,
  -0.049125;0.816805;-3.166055;,
  -0.007385;0.755084;-3.152729;,
  -0.007385;0.755084;-3.152729;,
  -0.007385;0.816805;-3.135730;,
  -0.007385;0.816805;-3.135730;,
  0.025689;0.755084;-3.176759;,
  -0.007385;0.755084;-3.152729;,
  0.025689;0.755084;-3.176759;,
  -0.007385;0.816805;-3.135730;,
  0.034355;0.816805;-3.166055;,
  -0.007385;0.816805;-3.215123;,
  0.025689;0.755084;-3.176759;,
  0.034355;0.816805;-3.166055;,
  0.025689;0.755084;-3.176759;,
  -0.007385;0.816805;-3.215123;,
  -0.007385;0.755084;-3.215640;,
  -0.049125;0.816805;-3.166055;,
  -0.007385;0.755084;-3.215640;,
  -0.007385;0.816805;-3.215123;,
  -0.007385;0.755084;-3.215640;,
  -0.040459;0.755084;-3.176759;,
  -0.007385;0.655644;-3.167035;,
  -0.007385;0.755084;-3.215640;,
  -0.007385;0.655644;-3.167035;,
  0.025689;0.755084;-3.176759;,
  -0.007385;0.755084;-3.215640;,
  0.460926;0.088885;-2.228161;,
  0.482446;0.308026;-2.256493;,
  0.393184;0.088885;-2.303834;,
  0.393184;0.088885;-2.303834;,
  0.482446;0.308026;-2.256493;,
  0.476992;0.088885;-2.376062;,
  0.476992;0.088885;-2.376062;,
  0.482446;0.308026;-2.256493;,
  0.510226;0.135185;-2.263521;,
  0.510226;0.135185;-2.263521;,
  0.482446;0.308026;-2.256493;,
  0.460926;0.088885;-2.228161;,
  0.136897;0.755084;-3.122139;,
  0.095158;0.816805;-3.135465;,
  0.136897;0.816805;-3.103393;,
  0.095158;0.816805;-3.135465;,
  0.103823;0.755084;-3.146168;,
  0.136897;0.755084;-3.185049;,
  0.095158;0.816805;-3.135465;,
  0.103823;0.755084;-3.146168;,
  0.103823;0.755084;-3.146168;,
  0.136897;0.655644;-3.165558;,
  0.136897;0.755084;-3.185049;,
  0.136897;0.755084;-3.185049;,
  0.136897;0.655644;-3.165558;,
  0.169971;0.755084;-3.146168;,
  0.169971;0.755084;-3.146168;,
  0.136897;0.655644;-3.165558;,
  0.136897;0.755084;-3.122139;,
  0.136897;0.816805;-3.103393;,
  0.169971;0.755084;-3.146168;,
  0.169971;0.755084;-3.146168;,
  0.178637;0.816805;-3.135465;,
  0.136897;0.816805;-3.184533;,
  0.169971;0.755084;-3.146168;,
  0.178637;0.816805;-3.135465;,
  0.169971;0.755084;-3.146168;,
  0.136897;0.816805;-3.184533;,
  0.136897;0.755084;-3.185049;,
  0.095158;0.816805;-3.135465;,
  0.136897;0.755084;-3.185049;,
  0.136897;0.816805;-3.184533;,
  0.136897;0.655644;-3.165558;,
  0.103823;0.755084;-3.146168;,
  0.450735;0.336949;-2.063848;,
  0.397183;0.189748;-2.066514;,
  0.453164;0.189748;-1.992690;,
  0.430648;0.179890;-2.149440;,
  0.397183;0.189748;-2.066514;,
  0.450735;0.336949;-2.063848;,
  0.514269;0.179890;-2.078430;,
  0.430648;0.179890;-2.149440;,
  0.450735;0.336949;-2.063848;,
  0.450735;0.336949;-2.063848;,
  0.453164;0.189748;-1.992690;,
  0.514269;0.179890;-2.078430;,
  0.181193;0.655643;-3.031030;,
  0.148119;0.755083;-3.017257;,
  0.181193;0.755083;-2.987611;,
