xof 0303txt 0032
template ColorRGBA {
 <35ff44e0-6c7c-11cf-8f52-0040333594a3>
 FLOAT red;
 FLOAT green;
 FLOAT blue;
 FLOAT alpha;
}

template ColorRGB {
 <d3e16e81-7835-11cf-8f52-0040333594a3>
 FLOAT red;
 FLOAT green;
 FLOAT blue;
}

template Material {
 <3d82ab4d-62da-11cf-ab39-0020af71e433>
 ColorRGBA faceColor;
 FLOAT power;
 ColorRGB specularColor;
 ColorRGB emissiveColor;
 [...]
}

template TextureFilename {
 <a42790e1-7810-11cf-8f52-0040333594a3>
 STRING filename;
}

template Frame {
 <3d82ab46-62da-11cf-ab39-0020af71e433>
 [...]
}

template Matrix4x4 {
 <f6f23f45-7686-11cf-8f52-0040333594a3>
 array FLOAT matrix[16];
}

template FrameTransformMatrix {
 <f6f23f41-7686-11cf-8f52-0040333594a3>
 Matrix4x4 frameMatrix;
}

template Vector {
 <3d82ab5e-62da-11cf-ab39-0020af71e433>
 FLOAT x;
 FLOAT y;
 FLOAT z;
}

template MeshFace {
 <3d82ab5f-62da-11cf-ab39-0020af71e433>
 DWORD nFaceVertexIndices;
 array DWORD faceVertexIndices[nFaceVertexIndices];
}

template Mesh {
 <3d82ab44-62da-11cf-ab39-0020af71e433>
 DWORD nVertices;
 array Vector vertices[nVertices];
 DWORD nFaces;
 array MeshFace faces[nFaces];
 [...]
}

template MeshMaterialList {
 <f6f23f42-7686-11cf-8f52-0040333594a3>
 DWORD nMaterials;
 DWORD nFaceIndexes;
 array DWORD faceIndexes[nFaceIndexes];
 [Material <3d82ab4d-62da-11cf-ab39-0020af71e433>]
}

template VertexElement {
 <f752461c-1e23-48f6-b9f8-8350850f336f>
 DWORD Type;
 DWORD Method;
 DWORD Usage;
 DWORD UsageIndex;
}

template DeclData {
 <bf22e553-292c-4781-9fea-62bd554bdd93>
 DWORD nElements;
 array VertexElement Elements[nElements];
 DWORD nDWords;
 array DWORD data[nDWords];
}

template XSkinMeshHeader {
 <3cf169ce-ff7c-44ab-93c0-f78f62d172e2>
 WORD nMaxSkinWeightsPerVertex;
 WORD nMaxSkinWeightsPerFace;
 WORD nBones;
}

template SkinWeights {
 <6f0d123b-bad2-4167-a0d0-80224f25fabb>
 STRING transformNodeName;
 DWORD nWeights;
 array DWORD vertexIndices[nWeights];
 array FLOAT weights[nWeights];
 Matrix4x4 matrixOffset;
}

template AnimTicksPerSecond {
 <9e415a43-7ba6-4a73-8743-b73d47e88476>
 DWORD AnimTicksPerSecond;
}

template Animation {
 <3d82ab4f-62da-11cf-ab39-0020af71e433>
 [...]
}

template AnimationSet {
 <3d82ab50-62da-11cf-ab39-0020af71e433>
 [Animation <3d82ab4f-62da-11cf-ab39-0020af71e433>]
}

template FloatKeys {
 <10dd46a9-775b-11cf-8f52-0040333594a3>
 DWORD nValues;
 array FLOAT values[nValues];
}

template TimedFloatKeys {
 <f406b180-7b3b-11cf-8f52-0040333594a3>
 DWORD time;
 FloatKeys tfkeys;
}

template AnimationKey {
 <10dd46a8-775b-11cf-8f52-0040333594a3>
 DWORD keyType;
 DWORD nKeys;
 array TimedFloatKeys keys[nKeys];
}


Material M_CH_ClockB_Body_Msked_INST {
 1.000000;1.000000;1.000000;1.000000;;
 10.000000;
 0.000000;0.000000;0.000000;;
 0.000000;0.000000;0.000000;;

 TextureFilename {
  "ClockworkBomb_DM.tga";
 }
}

Material M_CH_ClockB_Eye_Msked_INST {
 1.000000;1.000000;1.000000;1.000000;;
 10.000000;
 0.000000;0.000000;0.000000;;
 0.000000;0.000000;0.000000;;

 TextureFilename {
  "ClockworkBomb_SM.tga";
 }
}

Material M_CH_ClockB_ClockHands_Msked_INST {
 1.000000;1.000000;1.000000;1.000000;;
 10.000000;
 0.000000;0.000000;0.000000;;
 0.000000;0.000000;0.000000;;

 TextureFilename {
  "ClockHand_Hour_DMA.tga";
 }
}

Frame Root {
 

 FrameTransformMatrix {
  1.000000,0.000000,0.000000,0.000000,0.000000,1.000000,0.000000,0.000000,0.000000,0.000000,1.000000,0.000000,0.000000,0.000000,0.000000,1.000000;;
 }

 Frame RefBox {
  

  FrameTransformMatrix {
   1.000000,0.000000,0.000000,0.000000,0.000000,1.000000,0.000000,0.000000,0.000000,0.000000,1.000000,0.000000,0.000000,0.000000,0.000000,1.000000;;
  }
 }

 Frame Refbox_Align {
  

  FrameTransformMatrix {
   1.000000,0.000000,0.000000,0.000000,0.000000,1.000000,0.000000,0.000000,0.000000,0.000000,1.000000,0.000000,0.000000,0.000000,0.000000,1.000000;;
  }
 }

 Frame Bip01 {
  

  FrameTransformMatrix {
   0.000002,0.000000,-1.000000,0.000000,-0.197809,0.980241,-0.000000,0.000000,0.980241,0.197809,0.000002,0.000000,0.000000,0.164191,-0.000000,1.000000;;
  }

  Frame Bip01-Pelvis {
   

   FrameTransformMatrix {
    0.000000,1.000000,-0.000001,0.000000,-0.000001,0.000001,1.000000,0.000000,1.000000,-0.000000,0.000001,0.000000,0.000000,0.000000,0.000000,1.000000;;
   }

   Frame Bip01-Spine {
    

    FrameTransformMatrix {
     1.000000,0.000001,0.000796,0.000000,-0.000001,1.000000,0.000004,0.000000,-0.000796,-0.000004,1.000000,0.000000,0.099905,0.000000,-0.000165,1.000000;;
    }

    Frame Bip01-L-Thigh {
     

     FrameTransformMatrix {
      -0.593121,-0.115916,0.796725,0.000000,0.214789,-0.976498,0.017829,0.000000,0.775934,0.181703,0.604079,0.000000,-0.099905,0.182949,0.000244,1.000000;;
     }

     Frame Bip01-L-Calf {
      

      FrameTransformMatrix {
       -0.254290,0.000000,-0.967128,0.000000,-0.000000,1.000000,-0.000000,0.000000,0.967128,0.000000,-0.254290,0.000000,0.041551,0.000000,0.000000,1.000000;;
      }

      Frame Bip01-L-Foot {
       

       FrameTransformMatrix {
        0.599555,-0.082780,0.796041,0.000000,0.026104,0.996130,0.083927,0.000000,-0.799908,-0.029539,0.599395,0.000000,0.041481,0.000000,-0.000000,1.000000;;
       }

       Frame Bip01-L-Toe0 {
        

        FrameTransformMatrix {
         0.000066,0.000000,1.000000,0.000000,0.000000,1.000000,0.000000,0.000000,-1.000000,0.000000,0.000066,0.000000,0.045206,0.000000,0.156928,1.000000;;
        }

        Frame Bip01-L-Toe0Nub {
         

         FrameTransformMatrix {
          -1.000000,0.000000,-0.000690,0.000000,0.000000,1.000000,-0.000000,0.000000,0.000690,-0.000000,-1.000000,0.000000,0.054248,0.000000,-0.000000,1.000000;;
         }
        }
       }
      }
     }
    }

    Frame Bip01-R-Thigh {
     

     FrameTransformMatrix {
      -0.947048,-0.247822,0.204173,0.000000,0.241022,-0.968790,-0.057933,0.000000,0.212157,-0.005655,0.977219,0.000000,-0.099905,-0.182949,0.000245,1.000000;;
     }

     Frame Bip01-R-Calf {
      

      FrameTransformMatrix {
       0.917078,-0.000000,-0.398707,0.000000,-0.000000,1.000000,0.000000,0.000000,0.398707,-0.000000,0.917078,0.000000,0.041551,-0.000000,-0.000000,1.000000;;
      }

      Frame Bip01-R-Foot {
       

       FrameTransformMatrix {
        0.978654,-0.044345,0.200673,0.000000,0.042348,0.999002,0.014236,0.000000,-0.201104,-0.005434,0.979555,0.000000,0.041481,0.000000,0.000000,1.000000;;
       }

       Frame Bip01-R-Toe0 {
        

        FrameTransformMatrix {
         0.000066,-0.000000,1.000000,0.000000,0.000000,1.000000,0.000000,0.000000,-1.000000,-0.000000,0.000066,0.000000,0.045206,0.000000,0.156928,1.000000;;
        }

        Frame Bip01-R-Toe0Nub {
         

         FrameTransformMatrix {
          1.000000,-0.000000,0.000000,0.000000,0.000000,1.000000,0.000000,0.000000,0.000000,0.000000,1.000000,0.000000,0.054248,-0.000000,0.000000,1.000000;;
         }
        }
       }
      }
     }
    }

    Frame Bip01-Neck {
     

     FrameTransformMatrix {
      1.000000,0.000000,0.000000,0.000000,0.000000,1.000000,0.000000,0.000000,-0.000000,0.000000,1.000000,0.000000,0.191374,-0.000000,0.000008,1.000000;;
     }

     Frame Bip01-Head {
      

      FrameTransformMatrix {
       1.000000,0.000000,-0.000798,0.000000,0.000000,1.000000,0.000000,0.000000,0.000798,-0.000000,1.000000,0.000000,0.006637,-0.000000,0.000000,1.000000;;
      }

      Frame Bip01-HeadNub {
       

       FrameTransformMatrix {
        1.000000,0.000000,0.000000,0.000000,0.000000,1.000000,-0.000000,0.000000,-0.000000,0.000000,1.000000,0.000000,0.273033,0.000000,0.000000,1.000000;;
       }
      }

      Frame Ear01-_L {
       

       FrameTransformMatrix {
        0.963256,0.268587,0.000032,0.000000,-0.220035,0.789060,0.573557,0.000000,0.154025,-0.552489,0.819166,0.000000,0.254554,0.114177,-0.048653,1.000000;;
       }

       Frame Ear02-_L {
        

        FrameTransformMatrix {
         0.937562,-0.302045,0.172474,0.000000,0.301002,0.953059,0.032809,0.000000,-0.174287,0.021155,0.984467,0.000000,0.233349,0.000000,0.000000,1.000000;;
        }
       }
      }

      Frame Ear01-_R {
       

       FrameTransformMatrix {
        0.822962,-0.567241,0.031178,0.000000,-0.454538,-0.624544,0.635092,0.000000,-0.340778,-0.536828,-0.771807,0.000000,0.248438,-0.113652,-0.046687,1.000000;;
       }

       Frame Ear02-_R {
        

        FrameTransformMatrix {
         0.962669,0.179439,0.202659,0.000000,-0.177055,0.983744,-0.029989,0.000000,-0.204745,-0.007012,0.978790,0.000000,0.240722,0.000000,-0.000000,1.000000;;
        }
       }
      }

      Frame Mustache_R {
       

       FrameTransformMatrix {
        0.075043,-0.981092,-0.178403,0.000000,0.013701,-0.177876,0.983958,0.000000,-0.997086,-0.076284,0.000094,0.000000,0.075155,-0.117116,0.154255,1.000000;;
       }
      }

      Frame Mustache_L {
       

       FrameTransformMatrix {
        0.150224,0.983738,-0.098448,0.000000,0.014829,0.097325,0.995142,0.000000,0.988541,-0.150954,0.000032,0.000000,0.077317,0.085099,0.154255,1.000000;;
       }
      }
     }

     Frame Bip01-L-Clavicle {
      

      FrameTransformMatrix {
       0.000000,1.000000,0.000467,0.000000,0.999999,0.000000,-0.001267,0.000000,-0.001267,0.000467,-0.999999,0.000000,-0.061168,0.175043,0.000053,1.000000;;
      }

      Frame Bip01-L-UpperArm {
       

       FrameTransformMatrix {
        -0.013783,-0.504025,-0.863579,0.000000,0.996483,0.064464,-0.053528,0.000000,0.082650,-0.861280,0.501364,0.000000,0.035216,0.000000,-0.000000,1.000000;;
       }

       Frame Bip01-L-Forearm {
        

        FrameTransformMatrix {
         0.948452,0.000000,-0.316922,0.000000,0.000000,1.000000,0.000000,0.000000,0.316922,-0.000000,0.948451,0.000000,0.100940,0.000000,0.000000,1.000000;;
        }

        Frame Bip01-L-Hand {
         

         FrameTransformMatrix {
          0.900961,-0.433900,0.000000,0.000000,0.000345,0.000718,1.000000,0.000000,-0.433900,-0.900961,0.000796,0.000000,0.091085,0.000000,-0.000000,1.000000;;
         }

         Frame Bip01-L-Finger0 {
          

          FrameTransformMatrix {
           0.948459,-0.000252,0.316899,0.000000,0.000000,1.000000,0.000796,0.000000,-0.316900,-0.000755,0.948459,0.000000,0.068462,0.000000,-0.000000,1.000000;;
          }

          Frame Bip01-L-Finger0Nub {
           

           FrameTransformMatrix {
            1.000000,0.000000,0.000000,0.000000,-0.000000,1.000000,-0.000000,0.000000,-0.000000,0.000000,1.000000,0.000000,0.039692,0.000000,0.000000,1.000000;;
           }
          }
         }
        }
       }
      }
     }

     Frame Bip01-R-Clavicle {
      

      FrameTransformMatrix {
       -0.000000,-1.000000,0.000102,0.000000,-1.000000,-0.000000,0.000895,0.000000,-0.000895,-0.000102,-1.000000,0.000000,-0.061168,-0.175043,0.000054,1.000000;;
      }

      Frame Bip01-R-UpperArm {
       

       FrameTransformMatrix {
        -0.013783,0.504025,-0.863579,0.000000,-0.996483,0.064464,0.053528,0.000000,0.082650,0.861280,0.501364,0.000000,0.035216,0.000000,0.000000,1.000000;;
       }

       Frame Bip01-R-Forearm {
        

        FrameTransformMatrix {
         0.948452,0.000000,-0.316922,0.000000,-0.000000,1.000000,-0.000000,0.000000,0.316922,0.000000,0.948452,0.000000,0.100940,0.000000,0.000000,1.000000;;
        }

        Frame Bip01-R-Hand {
         

         FrameTransformMatrix {
          0.900961,0.433900,-0.000000,0.000000,-0.000346,0.000718,-1.000000,0.000000,-0.433900,0.900961,0.000796,0.000000,0.091085,-0.000000,0.000000,1.000000;;
         }

         Frame Bip01-R-Finger0 {
          

          FrameTransformMatrix {
           0.948459,0.000252,0.316900,0.000000,-0.000000,1.000000,-0.000796,0.000000,-0.316900,0.000755,0.948459,0.000000,0.068462,0.000000,0.000000,1.000000;;
          }

          Frame Bip01-R-Finger0Nub {
           

           FrameTransformMatrix {
            -1.000000,0.000000,-0.000690,0.000000,0.000000,1.000000,0.000000,0.000000,0.000690,-0.000000,-1.000000,0.000000,0.039692,0.000000,0.000000,1.000000;;
           }
          }
         }

         Frame Bone01 {
          

          FrameTransformMatrix {
           0.493621,0.058511,0.867707,0.000000,0.845767,0.200052,-0.494629,0.000000,-0.202528,0.978036,0.049263,0.000000,0.060466,-0.000656,0.019674,1.000000;;
          }
         }
        }
       }
      }
     }
    }

    Frame Dummy01 {
     

     FrameTransformMatrix {
      1.000000,0.000563,-0.000233,0.000000,-0.000563,1.000000,-0.000001,0.000000,0.000233,0.000002,1.000000,0.000000,0.068115,-0.000000,-0.115673,1.000000;;
     }

     Frame Bone07 {
      

      FrameTransformMatrix {
       -0.010889,0.573549,-0.819098,0.000000,-0.999912,-0.000034,0.013269,0.000000,0.007582,0.819171,0.573499,0.000000,0.043024,0.097415,-0.029592,1.000000;;
      }
     }

     Frame Bone06 {
      

      FrameTransformMatrix {
       0.000042,0.108046,-0.994146,0.000000,1.000000,0.000042,0.000047,0.000000,0.000047,-0.994146,-0.108046,0.000000,0.000716,0.002441,-0.060177,1.000000;;
      }
     }

     Frame Bone08 {
      

      FrameTransformMatrix {
       -0.011314,-0.999936,0.000006,0.000000,0.000569,-0.000000,1.000000,0.000000,-0.999936,0.011314,0.000569,0.000000,0.017610,-0.065166,0.011227,1.000000;;
      }
     }
    }
   }

   Frame Bone04 {
    

    FrameTransformMatrix {
     -0.065079,0.000333,-0.997880,0.000000,-0.000329,-1.000000,-0.000313,0.000000,-0.997880,0.000308,0.065079,0.000000,-0.013890,0.000000,-0.158376,1.000000;;
    }

    Frame Bone05 {
     

     FrameTransformMatrix {
      0.708763,0.000000,-0.705447,0.000000,-0.000000,1.000000,0.000000,0.000000,0.705447,-0.000000,0.708763,0.000000,0.070486,0.000000,-0.000000,1.000000;;
     }
    }
   }

   Frame Bone03 {
    

    FrameTransformMatrix {
     -0.988425,0.062681,-0.138155,0.000000,-0.148719,-0.580262,0.800737,0.000000,-0.029975,0.812015,0.582867,0.000000,0.071606,0.113909,-0.140290,1.000000;;
    }
   }

   Frame Bone02 {
    

    FrameTransformMatrix {
     -0.991239,-0.091418,-0.095329,0.000000,0.021013,-0.821717,0.569509,0.000000,-0.130396,0.562516,0.816439,0.000000,0.071606,-0.114085,-0.140290,1.000000;;
    }
   }
  }
 }

 Frame Cap {
  

  FrameTransformMatrix {
   0.980252,0.197753,0.000000,0.000000,-0.197753,0.980252,0.000000,0.000000,0.000000,0.000000,1.000000,0.000000,-0.108631,0.702508,-0.000000,1.000000;;
  }
 }

 Frame Dummy_R {
  

  FrameTransformMatrix {
   0.000073,-0.999997,0.002641,0.000000,-0.998490,0.000073,0.054931,0.000000,-0.054931,-0.002641,-0.998487,0.000000,-0.182950,0.046790,-0.000031,1.000000;;
  }
 }

 Frame Dummy_L {
  

  FrameTransformMatrix {
   0.066450,-0.997612,-0.018822,0.000000,-0.996540,-0.065411,-0.051268,0.000000,0.049914,0.022164,-0.998507,0.000000,0.178491,0.149690,-0.000429,1.000000;;
  }
 }
}

Frame SK_ClockworkBomb {
 

 FrameTransformMatrix {
  1.000000,0.000000,0.000000,0.000000,0.000000,1.000000,0.000000,0.000000,0.000000,0.000000,1.000000,0.000000,0.000000,0.000000,0.000000,1.000000;;
 }

 Mesh SK_ClockworkBomb {
  12301;
  -0.276131;0.513866;-0.109475;,
  -0.277789;0.516809;-0.110605;,
  -0.278111;0.514353;-0.112911;,
  0.198432;0.151621;0.002392;,
  0.226003;0.140038;-0.003521;,
  0.198432;0.136218;-0.019102;,
  0.226003;0.140038;-0.003521;,
  0.198432;0.151621;0.002392;,
  0.226003;0.140038;0.013491;,
  0.226003;0.140038;0.013491;,
  0.226003;0.125305;-0.012027;,
  0.226003;0.140038;-0.003521;,
  0.226003;0.125305;-0.012027;,
  0.226003;0.140038;0.013491;,
  0.226003;0.125305;0.021997;,
  0.226003;0.110572;0.013491;,
  0.226003;0.110572;-0.003521;,
  0.198432;0.140709;0.026479;,
  0.226003;0.140038;0.013491;,
  0.198432;0.151621;0.002392;,
  0.226003;0.140038;0.013491;,
  0.198432;0.140709;0.026479;,
  0.226003;0.125305;0.021997;,
  0.198432;0.114393;0.029072;,
  0.226003;0.125305;0.021997;,
  0.198432;0.140709;0.026479;,
  0.226003;0.125305;0.021997;,
  0.198432;0.114393;0.029072;,
  0.226003;0.110572;0.013491;,
  0.198432;0.098989;0.007578;,
  0.226003;0.110572;0.013491;,
  0.198432;0.114393;0.029072;,
  0.226003;0.110572;0.013491;,
  0.198432;0.098989;0.007578;,
  0.226003;0.110572;-0.003521;,
  0.198432;0.109902;-0.016508;,
  0.226003;0.110572;-0.003521;,
  0.198432;0.098989;0.007578;,
  0.226003;0.110572;-0.003521;,
  0.198432;0.109902;-0.016508;,
  0.226003;0.125305;-0.012027;,
  0.198432;0.136218;-0.019102;,
  0.226003;0.125305;-0.012027;,
  0.198432;0.109902;-0.016508;,
  0.226003;0.125305;-0.012027;,
  0.198432;0.136218;-0.019102;,
  0.226003;0.140038;-0.003521;,
  0.095559;0.201851;0.149360;,
  0.133741;0.200500;0.129342;,
  0.130969;0.200517;0.125272;,
  0.133741;0.200500;0.129342;,
  0.095559;0.201851;0.149360;,
  0.098327;0.201881;0.153424;,
  0.098327;0.201881;0.153424;,
  0.134415;0.197943;0.130470;,
  0.133741;0.200500;0.129342;,
  0.134415;0.197943;0.130470;,
  0.098327;0.201881;0.153424;,
  0.098991;0.199333;0.154557;,
  0.098991;0.199333;0.154557;,
  0.133615;0.195387;0.129433;,
  0.134415;0.197943;0.130470;,
  0.133615;0.195387;0.129433;,
  0.098991;0.199333;0.154557;,
  0.098184;0.196775;0.153527;,
  0.098184;0.196775;0.153527;,
  0.130848;0.195408;0.125360;,
  0.133615;0.195387;0.129433;,
  0.130848;0.195408;0.125360;,
  0.098184;0.196775;0.153527;,
  0.095421;0.196743;0.149459;,
  0.159189;0.842485;0.053481;,
  0.176567;0.791018;0.096820;,
  0.144813;0.797556;0.050574;,
  0.154071;0.744271;0.083239;,
  0.144813;0.797556;0.050574;,
  0.176567;0.791018;0.096820;,
  0.144813;0.797556;0.050574;,
  0.154071;0.744271;0.083239;,
  0.130388;0.751709;0.047680;,
  0.154071;0.744271;0.083239;,
  0.119570;0.709919;0.043417;,
  0.130388;0.751709;0.047680;,
  0.119570;0.709919;0.043417;,
  0.154071;0.744271;0.083239;,
  0.142363;0.704647;0.072541;,
  0.119219;0.637242;0.058438;,
  0.119570;0.709919;0.043417;,
  0.142363;0.704647;0.072541;,
  0.119570;0.709919;0.043417;,
  0.119219;0.637242;0.058438;,
  0.118297;0.640144;0.029444;,
  0.109822;0.644403;0.008242;,
  0.119570;0.709919;0.043417;,
  0.118297;0.640144;0.029444;,
  0.119570;0.709919;0.043417;,
  0.109822;0.644403;0.008242;,
  0.123638;0.713561;0.008083;,
  0.123638;0.713561;0.008083;,
  0.130388;0.751709;0.047680;,
  0.119570;0.709919;0.043417;,
  0.130388;0.751709;0.047680;,
  0.123638;0.713561;0.008083;,
  0.132931;0.759895;0.004022;,
  0.132931;0.759895;0.004022;,
  0.144813;0.797556;0.050574;,
  0.130388;0.751709;0.047680;,
  0.144813;0.797556;0.050574;,
  0.132931;0.759895;0.004022;,
  0.140700;0.807960;-0.002683;,
  0.140700;0.807960;-0.002683;,
  0.159189;0.842485;0.053481;,
  0.144813;0.797556;0.050574;,
  0.159189;0.842485;0.053481;,
  0.140700;0.807960;-0.002683;,
  0.148543;0.854526;-0.005954;,
  0.158947;0.909641;-0.008456;,
  0.159189;0.842485;0.053481;,
  0.148543;0.854526;-0.005954;,
  0.159189;0.842485;0.053481;,
  0.158947;0.909641;-0.008456;,
  0.179466;0.900495;0.055601;,
  0.173170;0.964334;-0.005697;,
  0.179466;0.900495;0.055601;,
  0.158947;0.909641;-0.008456;,
  0.179466;0.900495;0.055601;,
  0.173170;0.964334;-0.005697;,
  0.197327;0.959374;0.055193;,
  0.188711;1.018297;0.006183;,
  0.197327;0.959374;0.055193;,
  0.173170;0.964334;-0.005697;,
  0.197327;0.959374;0.055193;,
  0.188711;1.018297;0.006183;,
  0.211919;1.016491;0.057115;,
  0.211919;1.016491;0.057115;,
  0.188711;1.018297;0.006183;,
  0.213999;1.063789;0.023496;,
  0.213999;1.063789;0.023496;,
  0.245201;1.080020;0.054069;,
  0.211919;1.016491;0.057115;,
  0.245201;1.080020;0.054069;,
  0.213999;1.063789;0.023496;,
  0.228801;1.077967;0.036504;,
  0.257607;1.048527;0.085940;,
  0.245201;1.080020;0.054069;,
  0.252356;1.071686;0.070170;,
  0.245201;1.080020;0.054069;,
  0.257607;1.048527;0.085940;,
  0.211919;1.016491;0.057115;,
  0.258383;1.000567;0.098604;,
  0.211919;1.016491;0.057115;,
  0.257607;1.048527;0.085940;,
  0.258383;1.000567;0.098604;,
  0.197327;0.959374;0.055193;,
  0.211919;1.016491;0.057115;,
  0.197327;0.959374;0.055193;,
  0.258383;1.000567;0.098604;,
  0.244706;0.943883;0.106414;,
  0.244706;0.943883;0.106414;,
  0.179466;0.900495;0.055601;,
  0.197327;0.959374;0.055193;,
  0.179466;0.900495;0.055601;,
  0.244706;0.943883;0.106414;,
  0.224183;0.890323;0.107160;,
  0.224183;0.890323;0.107160;,
  0.159189;0.842485;0.053481;,
  0.179466;0.900495;0.055601;,
  0.159189;0.842485;0.053481;,
  0.224183;0.890323;0.107160;,
  0.199713;0.837584;0.104701;,
  0.176567;0.791018;0.096820;,
  0.159189;0.842485;0.053481;,
  0.199713;0.837584;0.104701;,
  0.224183;0.890323;0.107160;,
  0.233857;0.946226;0.128390;,
  0.213426;0.893528;0.128154;,
  0.233857;0.946226;0.128390;,
  0.224183;0.890323;0.107160;,
  0.244706;0.943883;0.106414;,
  0.244706;0.943883;0.106414;,
  0.249120;1.002029;0.117856;,
  0.233857;0.946226;0.128390;,
  0.249120;1.002029;0.117856;,
  0.244706;0.943883;0.106414;,
  0.258383;1.000567;0.098604;,
  0.258383;1.000567;0.098604;,
  0.249064;1.049049;0.104285;,
  0.249120;1.002029;0.117856;,
  0.249064;1.049049;0.104285;,
  0.258383;1.000567;0.098604;,
  0.257607;1.048527;0.085940;,
  0.252356;1.071686;0.070170;,
  0.249064;1.049049;0.104285;,
  0.257607;1.048527;0.085940;,
  0.249064;1.049049;0.104285;,
  0.252356;1.071686;0.070170;,
  0.242673;1.071529;0.090754;,
  0.252356;1.071686;0.070170;,
  0.228406;1.082954;0.071683;,
  0.242673;1.071529;0.090754;,
  0.228406;1.082954;0.071683;,
  0.252356;1.071686;0.070170;,
  0.245201;1.080020;0.054069;,
  0.228801;1.077967;0.036504;,
  0.228406;1.082954;0.071683;,
  0.245201;1.080020;0.054069;,
  0.228406;1.082954;0.071683;,
  0.228801;1.077967;0.036504;,
  0.211048;1.080784;0.043421;,
  0.213999;1.063789;0.023496;,
  0.211048;1.080784;0.043421;,
  0.228801;1.077967;0.036504;,
  0.211048;1.080784;0.043421;,
  0.213999;1.063789;0.023496;,
  0.197999;1.067065;0.029662;,
  0.188711;1.018297;0.006183;,
  0.197999;1.067065;0.029662;,
  0.213999;1.063789;0.023496;,
  0.197999;1.067065;0.029662;,
  0.188711;1.018297;0.006183;,
  0.171163;1.021459;0.012137;,
  0.173170;0.964334;-0.005697;,
  0.171163;1.021459;0.012137;,
  0.188711;1.018297;0.006183;,
  0.171163;1.021459;0.012137;,
  0.173170;0.964334;-0.005697;,
  0.151612;0.968028;0.001002;,
  0.158947;0.909641;-0.008456;,
  0.151612;0.968028;0.001002;,
  0.173170;0.964334;-0.005697;,
  0.151612;0.968028;0.001002;,
  0.158947;0.909641;-0.008456;,
  0.136168;0.913294;-0.002197;,
  0.148543;0.854526;-0.005954;,
  0.136168;0.913294;-0.002197;,
  0.158947;0.909641;-0.008456;,
  0.136168;0.913294;-0.002197;,
  0.148543;0.854526;-0.005954;,
  0.126319;0.857876;-0.000541;,
  0.140700;0.807960;-0.002683;,
  0.126319;0.857876;-0.000541;,
  0.148543;0.854526;-0.005954;,
  0.126319;0.857876;-0.000541;,
  0.140700;0.807960;-0.002683;,
  0.121131;0.810414;0.001454;,
  0.132931;0.759895;0.004022;,
  0.121131;0.810414;0.001454;,
  0.140700;0.807960;-0.002683;,
  0.121131;0.810414;0.001454;,
  0.132931;0.759895;0.004022;,
  0.116796;0.761380;0.006748;,
  0.123638;0.713561;0.008083;,
  0.116796;0.761380;0.006748;,
  0.132931;0.759895;0.004022;,
  0.116796;0.761380;0.006748;,
  0.123638;0.713561;0.008083;,
  0.109441;0.715827;0.010008;,
  0.109822;0.644403;0.008242;,
  0.109441;0.715827;0.010008;,
  0.123638;0.713561;0.008083;,
  0.109441;0.715827;0.010008;,
  0.109822;0.644403;0.008242;,
  0.097468;0.647925;0.006729;,
  0.110574;0.716596;0.049800;,
  0.116796;0.761380;0.006748;,
  0.109441;0.715827;0.010008;,
  0.097468;0.647925;0.006729;,
  0.110574;0.716596;0.049800;,
  0.109441;0.715827;0.010008;,
  0.110574;0.716596;0.049800;,
  0.097468;0.647925;0.006729;,
  0.093856;0.646046;0.038125;,
  0.112496;0.638031;0.069953;,
  0.110574;0.716596;0.049800;,
  0.093856;0.646046;0.038125;,
  0.110574;0.716596;0.049800;,
  0.112496;0.638031;0.069953;,
  0.138055;0.706971;0.083511;,
  0.138055;0.706971;0.083511;,
  0.119274;0.762751;0.058689;,
  0.110574;0.716596;0.049800;,
  0.119274;0.762751;0.058689;,
  0.138055;0.706971;0.083511;,
  0.153128;0.746941;0.096527;,
  0.153128;0.746941;0.096527;,
  0.128369;0.809019;0.069211;,
  0.119274;0.762751;0.058689;,
  0.128369;0.809019;0.069211;,
  0.153128;0.746941;0.096527;,
  0.174439;0.796101;0.112626;,
  0.174439;0.796101;0.112626;,
  0.137675;0.854047;0.077736;,
  0.128369;0.809019;0.069211;,
  0.128369;0.809019;0.069211;,
  0.126319;0.857876;-0.000541;,
  0.121131;0.810414;0.001454;,
  0.121131;0.810414;0.001454;,
  0.119274;0.762751;0.058689;,
  0.128369;0.809019;0.069211;,
  0.119274;0.762751;0.058689;,
  0.121131;0.810414;0.001454;,
  0.116796;0.761380;0.006748;,
  0.116796;0.761380;0.006748;,
  0.110574;0.716596;0.049800;,
  0.119274;0.762751;0.058689;,
  0.197999;1.067065;0.029662;,
  0.228406;1.082954;0.071683;,
  0.211048;1.080784;0.043421;,
  0.228406;1.082954;0.071683;,
  0.197999;1.067065;0.029662;,
  0.199011;1.024807;0.078936;,
  0.171163;1.021459;0.012137;,
  0.199011;1.024807;0.078936;,
  0.197999;1.067065;0.029662;,
  0.171163;1.021459;0.012137;,
  0.170136;0.970260;0.083827;,
  0.199011;1.024807;0.078936;,
  0.170136;0.970260;0.083827;,
  0.171163;1.021459;0.012137;,
  0.151612;0.968028;0.001002;,
  0.151612;0.968028;0.001002;,
  0.152019;0.912283;0.081701;,
  0.170136;0.970260;0.083827;,
  0.152019;0.912283;0.081701;,
  0.151612;0.968028;0.001002;,
  0.136168;0.913294;-0.002197;,
  0.136168;0.913294;-0.002197;,
  0.137675;0.854047;0.077736;,
  0.152019;0.912283;0.081701;,
  0.137675;0.854047;0.077736;,
  0.136168;0.913294;-0.002197;,
  0.126319;0.857876;-0.000541;,
  0.126319;0.857876;-0.000541;,
  0.128369;0.809019;0.069211;,
  0.137675;0.854047;0.077736;,
  0.137675;0.854047;0.077736;,
  0.174439;0.796101;0.112626;,
  0.193458;0.841424;0.122626;,
  0.193458;0.841424;0.122626;,
  0.152019;0.912283;0.081701;,
  0.137675;0.854047;0.077736;,
  0.152019;0.912283;0.081701;,
  0.193458;0.841424;0.122626;,
  0.213426;0.893528;0.128154;,
  0.213426;0.893528;0.128154;,
  0.170136;0.970260;0.083827;,
  0.152019;0.912283;0.081701;,
  0.170136;0.970260;0.083827;,
  0.213426;0.893528;0.128154;,
  0.233857;0.946226;0.128390;,
  0.249120;1.002029;0.117856;,
  0.170136;0.970260;0.083827;,
  0.233857;0.946226;0.128390;,
  0.170136;0.970260;0.083827;,
  0.249120;1.002029;0.117856;,
  0.199011;1.024807;0.078936;,
  0.199011;1.024807;0.078936;,
  0.249120;1.002029;0.117856;,
  0.249064;1.049049;0.104285;,
  0.249064;1.049049;0.104285;,
  0.228406;1.082954;0.071683;,
  0.199011;1.024807;0.078936;,
  0.228406;1.082954;0.071683;,
  0.249064;1.049049;0.104285;,
  0.242673;1.071529;0.090754;,
  -0.157649;0.520565;-0.147006;,
  -0.101709;0.505450;-0.154789;,
  -0.103873;0.502863;-0.154507;,
  -0.157116;0.523899;-0.146769;,
  -0.102018;0.504499;-0.151370;,
  -0.101709;0.505450;-0.154789;,
  -0.101709;0.505450;-0.154789;,
  -0.157116;0.523899;-0.146769;,
  -0.180604;0.518645;-0.151744;,
  -0.157116;0.523899;-0.146769;,
  -0.251817;0.522551;-0.134892;,
  -0.278111;0.514353;-0.112911;,
  -0.277789;0.516809;-0.110605;,
  -0.251817;0.522551;-0.134892;,
  -0.251859;0.519599;-0.136549;,
  -0.228137;0.511958;-0.149287;,
  -0.251817;0.522551;-0.134892;,
  -0.228137;0.511958;-0.149287;,
  -0.227334;0.508745;-0.148588;,
  -0.198100;0.525043;-0.139484;,
  -0.228137;0.511958;-0.149287;,
  -0.198100;0.525043;-0.139484;,
  -0.198633;0.521708;-0.139722;,
  -0.180071;0.521980;-0.151506;,
  -0.198100;0.525043;-0.139484;,
  -0.180071;0.521980;-0.151506;,
  -0.157116;0.523899;-0.146769;,
  -0.180071;0.521980;-0.151506;,
  -0.180071;0.521980;-0.151506;,
  -0.157526;0.522506;-0.143517;,
  -0.157116;0.523899;-0.146769;,
  -0.157526;0.522506;-0.143517;,
  -0.180071;0.521980;-0.151506;,
  -0.180482;0.520586;-0.148254;,
  -0.198100;0.525043;-0.139484;,
  -0.180482;0.520586;-0.148254;,
  -0.180071;0.521980;-0.151506;,
  -0.180482;0.520586;-0.148254;,
  -0.198100;0.525043;-0.139484;,
  -0.198511;0.523649;-0.136232;,
  -0.228137;0.511958;-0.149287;,
  -0.198511;0.523649;-0.136232;,
  -0.198100;0.525043;-0.139484;,
  -0.198511;0.523649;-0.136232;,
  -0.228137;0.511958;-0.149287;,
  -0.227625;0.511575;-0.145784;,
  -0.251817;0.522551;-0.134892;,
  -0.227625;0.511575;-0.145784;,
  -0.228137;0.511958;-0.149287;,
  -0.227625;0.511575;-0.145784;,
  -0.251817;0.522551;-0.134892;,
  -0.251303;0.519872;-0.132602;,
  -0.277789;0.516809;-0.110605;,
  -0.251303;0.519872;-0.132602;,
  -0.251817;0.522551;-0.134892;,
  -0.251303;0.519872;-0.132602;,
  -0.277789;0.516809;-0.110605;,
  -0.276131;0.513866;-0.109475;,
  -0.102018;0.504499;-0.151370;,
  -0.157116;0.523899;-0.146769;,
  -0.157526;0.522506;-0.143517;,
  -0.157526;0.522506;-0.143517;,
  -0.103873;0.502863;-0.154507;,
  -0.102018;0.504499;-0.151370;,
  -0.157526;0.522506;-0.143517;,
  -0.157649;0.520565;-0.147006;,
  -0.180482;0.520586;-0.148254;,
  -0.157526;0.522506;-0.143517;,
  -0.180482;0.520586;-0.148254;,
  -0.180604;0.518645;-0.151744;,
  -0.198511;0.523649;-0.136232;,
  -0.180482;0.520586;-0.148254;,
  -0.198511;0.523649;-0.136232;,
  -0.198633;0.521708;-0.139722;,
  -0.227625;0.511575;-0.145784;,
  -0.198511;0.523649;-0.136232;,
  -0.227625;0.511575;-0.145784;,
  -0.227334;0.508745;-0.148588;,
  -0.251303;0.519872;-0.132602;,
  -0.227625;0.511575;-0.145784;,
  -0.251303;0.519872;-0.132602;,
  -0.251859;0.519599;-0.136549;,
  -0.276131;0.513866;-0.109475;,
  -0.251303;0.519872;-0.132602;,
  -0.276131;0.513866;-0.109475;,
  -0.278111;0.514353;-0.112911;,
  0.209452;0.473184;-0.123226;,
  0.234842;0.449185;-0.106815;,
  0.235075;0.453471;-0.106507;,
  0.234842;0.449185;-0.106815;,
  0.210511;0.469035;-0.123649;,
  0.210511;0.469035;-0.123649;,
  0.237662;0.451118;-0.108086;,
  0.234842;0.449185;-0.106815;,
  0.237662;0.451118;-0.108086;,
  0.210511;0.469035;-0.123649;,
  0.211952;0.471673;-0.125713;,
  0.211952;0.471673;-0.125713;,
  0.235075;0.453471;-0.106507;,
  0.237662;0.451118;-0.108086;,
  0.211952;0.471673;-0.125713;,
  0.209452;0.473184;-0.123226;,
  0.199729;0.475899;-0.149080;,
  0.211952;0.471673;-0.125713;,
  0.199729;0.475899;-0.149080;,
  0.197857;0.476818;-0.145859;,
  0.164316;0.468525;-0.158402;,
  0.199729;0.475899;-0.149080;,
  0.164316;0.468525;-0.158402;,
  0.164169;0.470271;-0.154988;,
  0.073352;0.504278;-0.182013;,
  0.121515;0.478239;-0.170625;,
  0.122357;0.482375;-0.169782;,
  0.142284;0.478686;-0.165087;,
  0.121515;0.478239;-0.170625;,
  0.121515;0.478239;-0.170625;,
  0.143273;0.481076;-0.167659;,
  0.142284;0.478686;-0.165087;,
  0.164316;0.468525;-0.158402;,
  0.142284;0.478686;-0.165087;,
  0.143273;0.481076;-0.167659;,
  0.142284;0.478686;-0.165087;,
  0.164316;0.468525;-0.158402;,
  0.163328;0.466135;-0.155830;,
  0.199729;0.475899;-0.149080;,
  0.163328;0.466135;-0.155830;,
  0.164316;0.468525;-0.158402;,
  0.163328;0.466135;-0.155830;,
  0.199729;0.475899;-0.149080;,
  0.198635;0.472866;-0.147376;,
  0.211952;0.471673;-0.125713;,
  0.198635;0.472866;-0.147376;,
  0.199729;0.475899;-0.149080;,
  0.198635;0.472866;-0.147376;,
  0.211952;0.471673;-0.125713;,
  0.210511;0.469035;-0.123649;,
  0.210511;0.469035;-0.123649;,
  0.197857;0.476818;-0.145859;,
  0.198635;0.472866;-0.147376;,
  0.210511;0.469035;-0.123649;,
  0.142284;0.478686;-0.165087;,
  0.143125;0.482822;-0.164245;,
  0.163328;0.466135;-0.155830;,
  0.142284;0.478686;-0.165087;,
  0.163328;0.466135;-0.155830;,
  0.164169;0.470271;-0.154988;,
  0.198635;0.472866;-0.147376;,
  0.163328;0.466135;-0.155830;,
  0.198635;0.472866;-0.147376;,
  0.205663;0.503746;-0.105089;,
  0.175827;0.512567;-0.127189;,
  0.203230;0.500787;-0.103126;,
  0.205663;0.503746;-0.105089;,
  0.177328;0.516301;-0.128715;,
  0.177328;0.516301;-0.128715;,
  0.158529;0.500852;-0.138121;,
  0.228044;0.515850;-0.075138;,
  0.228065;0.511574;-0.074651;,
  0.228044;0.515850;-0.075138;,
  0.205663;0.503746;-0.105089;,
  0.230254;0.513318;-0.076990;,
  0.205663;0.503746;-0.105089;,
  0.228044;0.515850;-0.075138;,
  0.205663;0.503746;-0.105089;,
  0.230254;0.513318;-0.076990;,
  0.206147;0.499940;-0.105144;,
  0.206147;0.499940;-0.105144;,
  0.177328;0.516301;-0.128715;,
  0.205663;0.503746;-0.105089;,
  0.177328;0.516301;-0.128715;,
  0.206147;0.499940;-0.105144;,
  0.177818;0.512812;-0.130235;,
  0.177818;0.512812;-0.130235;,
  0.160030;0.504586;-0.139647;,
  0.177328;0.516301;-0.128715;,
  0.177328;0.516301;-0.128715;,
  0.160030;0.504586;-0.139647;,
  0.160030;0.504586;-0.139647;,
  0.141849;0.507412;-0.156031;,
  0.244872;0.539188;-0.051677;,
  0.246607;0.535358;-0.050756;,
  0.244872;0.539188;-0.051677;,
  0.228044;0.515850;-0.075138;,
  0.248253;0.537826;-0.052877;,
  0.228044;0.515850;-0.075138;,
  0.244872;0.539188;-0.051677;,
  0.228044;0.515850;-0.075138;,
  0.248253;0.537826;-0.052877;,
  0.230254;0.513318;-0.076990;,
  0.246607;0.535358;-0.050756;,
  0.230254;0.513318;-0.076990;,
  0.248253;0.537826;-0.052877;,
  0.230254;0.513318;-0.076990;,
  0.228065;0.511574;-0.074651;,
  0.206147;0.499940;-0.105144;,
  0.230254;0.513318;-0.076990;,
  0.206147;0.499940;-0.105144;,
  0.203230;0.500787;-0.103126;,
  0.177818;0.512812;-0.130235;,
  0.206147;0.499940;-0.105144;,
  0.177818;0.512812;-0.130235;,
  0.175827;0.512567;-0.127189;,
  0.160520;0.501097;-0.141167;,
  0.177818;0.512812;-0.130235;,
  0.160030;0.504586;-0.139647;,
  0.177818;0.512812;-0.130235;,
  0.160520;0.501097;-0.141167;,
  0.160520;0.501097;-0.141167;,
  0.143350;0.511146;-0.157557;,
  0.160030;0.504586;-0.139647;,
  0.160030;0.504586;-0.139647;,
  0.143350;0.511146;-0.157557;,
  0.143350;0.511146;-0.157557;,
  0.085706;0.503079;-0.180833;,
  0.143350;0.511146;-0.157557;,
  0.085584;0.506551;-0.183374;,
  0.143840;0.507657;-0.159077;,
  0.085584;0.506551;-0.183374;,
  0.143350;0.511146;-0.157557;,
  0.143350;0.511146;-0.157557;,
  0.160520;0.501097;-0.141167;,
  0.143840;0.507657;-0.159077;,
  0.158529;0.500852;-0.138121;,
  0.143840;0.507657;-0.159077;,
  0.160520;0.501097;-0.141167;,
  0.085584;0.506551;-0.183374;,
  0.143840;0.507657;-0.159077;,
  0.085826;0.502882;-0.184473;,
  0.141849;0.507412;-0.156031;,
  0.085826;0.502882;-0.184473;,
  0.143840;0.507657;-0.159077;,
  0.143840;0.507657;-0.159077;,
  0.085826;0.502882;-0.184473;,
  0.085706;0.503079;-0.180833;,
  0.098327;0.201881;0.153424;,
  0.095559;0.201851;0.149360;,
  0.098991;0.199333;0.154557;,
  0.098991;0.199333;0.154557;,
  0.095559;0.201851;0.149360;,
  0.095421;0.196743;0.149459;,
  0.098991;0.199333;0.154557;,
  0.095421;0.196743;0.149459;,
  0.098184;0.196775;0.153527;,
  0.133615;0.195387;0.129433;,
  0.130848;0.195408;0.125360;,
  0.134415;0.197943;0.130470;,
  0.134415;0.197943;0.130470;,
  0.130848;0.195408;0.125360;,
  0.130969;0.200517;0.125272;,
  0.134415;0.197943;0.130470;,
  0.130969;0.200517;0.125272;,
  0.133741;0.200500;0.129342;,
  0.142363;0.704647;0.072541;,
  0.112496;0.638031;0.069953;,
  0.119219;0.637242;0.058438;,
  0.112496;0.638031;0.069953;,
  0.142363;0.704647;0.072541;,
  0.138055;0.706971;0.083511;,
  0.154071;0.744271;0.083239;,
  0.138055;0.706971;0.083511;,
  0.142363;0.704647;0.072541;,
  0.138055;0.706971;0.083511;,
  0.154071;0.744271;0.083239;,
  0.153128;0.746941;0.096527;,
  0.176567;0.791018;0.096820;,
  0.153128;0.746941;0.096527;,
  0.154071;0.744271;0.083239;,
  0.153128;0.746941;0.096527;,
  0.176567;0.791018;0.096820;,
  0.174439;0.796101;0.112626;,
  0.199713;0.837584;0.104701;,
  0.174439;0.796101;0.112626;,
  0.176567;0.791018;0.096820;,
  0.174439;0.796101;0.112626;,
  0.199713;0.837584;0.104701;,
  0.193458;0.841424;0.122626;,
  0.199713;0.837584;0.104701;,
  0.213426;0.893528;0.128154;,
  0.193458;0.841424;0.122626;,
  0.213426;0.893528;0.128154;,
  0.199713;0.837584;0.104701;,
  0.224183;0.890323;0.107160;,
  -0.071180;0.418240;0.165242;,
  0.000000;0.418240;0.121601;,
  -0.133819;0.418240;0.121601;,
  0.000000;0.418240;0.165242;,
  -0.071180;0.418240;0.165242;,
  0.000000;0.418240;0.178801;,
  -0.190033;0.418239;-0.051348;,
  -0.000000;0.418240;-0.009193;,
  -0.000000;0.418239;-0.043970;,
  -0.168060;0.418239;-0.100143;,
  -0.190033;0.418239;-0.051348;,
  -0.168060;0.418239;-0.100143;,
  -0.000000;0.418239;-0.043970;,
  -0.000000;0.418239;-0.078747;,
  -0.133819;0.418238;-0.141736;,
  -0.069273;0.418238;-0.183960;,
  -0.000000;0.418238;-0.141736;,
  -0.000000;0.418238;-0.183960;,
  -0.133819;0.418238;-0.141736;,
  -0.029939;0.071541;0.245839;,
  -0.036329;0.127630;0.252213;,
  -0.043211;0.109869;0.227206;,
  -0.036329;0.127630;0.252213;,
  -0.029939;0.071541;0.245839;,
  -0.021268;0.103452;0.266174;,
  -0.029939;0.071541;0.245839;,
  -0.000000;0.042395;0.222727;,
  -0.000000;0.066609;0.255744;,
  -0.000000;0.100022;0.275925;,
  -0.029939;0.071541;0.245839;,
  -0.029939;0.071541;0.245839;,
  -0.021268;0.103452;0.266174;,
  -0.010516;0.136756;0.288974;,
  -0.021268;0.103452;0.266174;,
  -0.010516;0.136756;0.288974;,
  -0.036329;0.127630;0.252213;,
  -0.021268;0.103452;0.266174;,
  -0.036329;0.127630;0.252213;,
  -0.010516;0.136756;0.288974;,
  -0.021676;0.154250;0.276047;,
  -0.008725;0.167831;0.267889;,
  -0.036329;0.127630;0.252213;,
  -0.021676;0.154250;0.276047;,
  -0.021676;0.154250;0.276047;,
  -0.000000;0.190027;0.287840;,
  -0.008725;0.167831;0.267889;,
  -0.008174;0.152679;0.286291;,
  -0.021676;0.154250;0.276047;,
  -0.000000;0.150317;0.292489;,
  -0.008174;0.152679;0.286291;,
  -0.010516;0.136756;0.288974;,
  -0.008174;0.152679;0.286291;,
  -0.021676;0.154250;0.276047;,
  -0.010516;0.136756;0.288974;,
  -0.008174;0.152679;0.286291;,
  -0.010516;0.136756;0.288974;,
  -0.000000;0.135557;0.303128;,
  -0.010516;0.136756;0.288974;,
  -0.000000;0.124460;0.292258;,
  -0.010516;0.136756;0.288974;,
  -0.025171;0.043429;0.188966;,
  -0.046224;0.059816;0.218145;,
  -0.049611;0.055511;0.189050;,
  -0.046224;0.059816;0.218145;,
  -0.025171;0.043429;0.188966;,
  -0.023477;0.047546;0.220436;,
  -0.029939;0.071541;0.245839;,
  -0.046224;0.059816;0.218145;,
  -0.023477;0.047546;0.220436;,
  -0.029939;0.071541;0.245839;,
  -0.050093;0.104013;0.202198;,
  -0.046224;0.059816;0.218145;,
  -0.050093;0.104013;0.202198;,
  -0.029939;0.071541;0.245839;,
  -0.043211;0.109869;0.227206;,
  -0.043211;0.109869;0.227206;,
  -0.028513;0.147794;0.202370;,
  -0.050093;0.104013;0.202198;,
  -0.028513;0.147794;0.202370;,
  -0.043211;0.109869;0.227206;,
  -0.024631;0.147049;0.224483;,
  -0.036329;0.127630;0.252213;,
  -0.024631;0.147049;0.224483;,
  -0.043211;0.109869;0.227206;,
  -0.024631;0.147049;0.224483;,
  -0.036329;0.127630;0.252213;,
  -0.020748;0.151698;0.246596;,
  -0.036329;0.127630;0.252213;,
  -0.008725;0.167831;0.267889;,
  -0.020748;0.151698;0.246596;,
  -0.008725;0.167831;0.267889;,
  -0.000000;0.168022;0.244676;,
  -0.020748;0.151698;0.246596;,
  -0.008725;0.167831;0.267889;,
  -0.000000;0.176010;0.266222;,
  -0.008725;0.167831;0.267889;,
  -0.000000;0.190027;0.287840;,
  -0.000000;0.165778;0.223551;,
  -0.020748;0.151698;0.246596;,
  -0.000000;0.168022;0.244676;,
  -0.020748;0.151698;0.246596;,
  -0.024631;0.147049;0.224483;,
  -0.000000;0.168927;0.202427;,
  -0.024631;0.147049;0.224483;,
  -0.024631;0.147049;0.224483;,
  -0.028513;0.147794;0.202370;,
  -0.022565;0.167651;0.170380;,
  -0.028513;0.147794;0.202370;,
  -0.044919;0.151117;0.165930;,
  -0.028513;0.147794;0.202370;,
  -0.000000;0.168927;0.202427;,
  0.000000;0.174528;0.173956;,
  -0.061792;0.117789;0.159635;,
  -0.028513;0.147794;0.202370;,
  -0.028513;0.147794;0.202370;,
  -0.050093;0.104013;0.202198;,
  -0.053768;0.059285;0.159739;,
  -0.050093;0.104013;0.202198;,
  -0.050093;0.104013;0.202198;,
  -0.053768;0.059285;0.159739;,
  -0.049611;0.055511;0.189050;,
  -0.027249;0.047548;0.155723;,
  -0.049611;0.055511;0.189050;,
  -0.053768;0.059285;0.159739;,
  -0.049611;0.055511;0.189050;,
  -0.027249;0.047548;0.155723;,
  -0.025171;0.043429;0.188966;,
  -0.027249;0.047548;0.155723;,
  -0.000000;0.038467;0.188883;,
  -0.025171;0.043429;0.188966;,
  -0.023477;0.047546;0.220436;,
  -0.025171;0.043429;0.188966;,
  -0.023477;0.047546;0.220436;,
  -0.029939;0.071541;0.245839;,
  -0.023477;0.047546;0.220436;,
  -0.049611;0.055511;0.189050;,
  -0.046224;0.059816;0.218145;,
  -0.050093;0.104013;0.202198;,
  -0.027249;0.047548;0.155723;,
  -0.000000;0.042930;0.151707;,
  -0.024600;0.062974;0.130683;,
